1
2
3
4
5
6
7
8
9
10
11
12
13
14
15
16
17
18
19
20
21
22
23
24
25
26
27
28
29
30
31
32
33
34
35
36
37
38
39
40
41
42
43
44
45
46
47
48
49
50
51
52
53
54
55
56
57
58
59
60
61
62
63
64
65
66
67
68
69
70
71
72
73
74
75
76
77
78
79
80
81
1	82
2	83
3	84
4	85
5	86
6	87
7	88
8	89
9	90
10	91
11	92
12	93
13	94
14	95
15	96
16	97
17	98
18	99
19	100
20	101
21	102
22	103
23	104
24	105
25	106
26	107
27	108
28	109
29	110
30	111
31	112
32	113
33	114
34	115
35	116
36	117
37	118
38	119
39	120
40	121
41	122
42	123
43	124
44	125
45	126
46	127
47	128
48	129
49	130
50	131
51	132
52	133
53	134
54	135
55	136
56	137
57	138
58	139
59	140
60	141
61	142
62	143
63	144
64	145
65	146
66	147
67	148
68	149
69	150
70	151
71	152
72	153
73	154
74	155
75	156
76	157
77	158
78	159
79	160
80	161
81	162
91	163	164
92	165	164
109	166	167
110	168	167
127	169	170
128	171	170
145	172	173
146	174	173
84	175	176
85	177	176
102	178	179
103	180	179
120	181	182
121	183	182
138	184	185
139	186	185
156	187	188
157	189	188
95	190	191
96	192	191
113	193	194
114	195	194
131	196	197
132	198	197
149	199	200
150	201	200
88	202	203
89	204	203
106	205	206
107	207	206
124	208	209
125	210	209
142	211	212
143	213	212
160	214	215
161	216	215
82	217
83	218
86	219
87	220
90	221
93	222
94	223
97	224
98	225
99	226
100	227
101	228
104	229
105	230
108	231
111	232
112	233
115	234
116	235
117	236
118	237
119	238
122	239
123	240
126	241
129	242
130	243
133	244
134	245
135	246
136	247
137	248
140	249
141	250
144	251
147	252
148	253
151	254
152	255
153	256
154	257
155	258
158	259
159	260
162	261
217	262	263
218	264	263
227	265	266
228	267	266
237	268	269
238	270	269
247	271	272
248	273	272
257	274	275
258	276	275
222	277	278
223	279	278
232	280	281
233	282	281
242	283	284
243	285	284
252	286	287
253	288	287
219	289	290
220	291	290
229	292	293
230	294	293
239	295	296
240	297	296
249	298	299
250	300	299
259	301	302
260	303	302
224	304	305
225	306	305
234	307	308
235	309	308
244	310	311
245	312	311
254	313	314
255	315	314
163	316
165	317
166	318
168	319
169	320
171	321
172	322
174	323
175	324
177	325
178	326
180	327
181	328
183	329
184	330
186	331
187	332
189	333
190	334
192	335
193	336
195	337
196	338
198	339
199	340
201	341
202	342
204	343
205	344
207	345
208	346
210	347
211	348
213	349
214	350
216	351
318	352	353
268	354	353
322	355	356
274	357	356
317	358	359
267	360	359
321	361	362
273	363	362
280	364	365
328	366	365
286	367	368
332	369	368
279	370	371
327	372	371
285	373	374
331	375	374
336	376	377
295	378	377
340	379	380
301	381	380
335	382	383
294	384	383
339	385	386
300	387	386
307	388	389
346	390	389
313	391	392
350	393	392
306	394	395
345	396	395
312	397	398
349	399	398
236	400	401
241	402	401
256	403	404
261	405	404
262	406
264	407
265	408
270	409
271	410
276	411
277	412
282	413
283	414
288	415
289	416
291	417
292	418
297	419
298	420
303	421
304	422
309	423
310	424
315	425
406	426
407	427
324	428
325	429
416	430
417	431
342	432
343	433
221	434
316	435
358	436
412	437
370	438
334	439
382	440
422	441
394	442
226	443
408	444
360	445
326	446
372	447
418	448
384	449
344	450
396	451
231	452
352	453
319	454
364	455
413	456
376	457
337	458
388	459
423	460
400	461
354	462
409	463
366	464
329	465
378	466
419	467
390	468
347	469
402	470
320	471
361	472
414	473
373	474
338	475
385	476
424	477
397	478
246	479
410	480
363	481
330	482
375	483
420	484
387	485
348	486
399	487
251	488
355	489
323	490
367	491
415	492
379	493
341	494
391	495
425	496
403	497
357	498
411	499
369	500
333	501
381	502
421	503
393	504
351	505
405	506
426
427
428
429
430
431
432
433
434
435
436
437
438
439
440
441
442
443
444
445
446
447
448
449
450
451
452
453
454
455
456
457
458
459
460
461
462
463
464
465
466
467
468
469
470
471
472
473
474
475
476
477
478
479
480
481
482
483
484
485
486
487
488
489
490
491
492
493
494
495
496
497
498
499
500
501
502
503
504
505
506
