1
2
3
4
5
6
7
8
9
10
11
12
13
14
15
16
17
18
19
20
21
22
23
24
25
26
27
28
29
30
31
32
33
34
35
36
37
38
39
40
41
42
43
44
45
46
47
48
49
50
51
52
53
54
55
56
57
58
59
60
61
62
63
64
65
66
67
68
69
70
71
72
73
74
75
76
77
78
79
80
81
82
83
84
85
86
87
88
89
90
91
92
93
94
95
96
97
98
99
100
1	101
2	102
3	103
4	104
5	105
6	106
7	107
8	108
9	109
10	110
11	111
12	112
13	113
14	114
15	115
16	116
17	117
18	118
19	119
20	120
21	121
22	122
23	123
24	124
25	125
26	126
27	127
28	128
29	129
30	130
31	131
32	132
33	133
34	134
35	135
36	136
37	137
38	138
39	139
40	140
41	141
42	142
43	143
44	144
45	145
46	146
47	147
48	148
49	149
50	150
51	151
52	152
53	153
54	154
55	155
56	156
57	157
58	158
59	159
60	160
61	161
62	162
63	163
64	164
65	165
66	166
67	167
68	168
69	169
70	170
71	171
72	172
73	173
74	174
75	175
76	176
77	177
78	178
79	179
80	180
81	181
82	182
83	183
84	184
85	185
86	186
87	187
88	188
89	189
90	190
91	191
92	192
93	193
94	194
95	195
96	196
97	197
98	198
99	199
100	200
111	201	202
112	203	202
131	204	205
132	206	205
151	207	208
152	209	208
171	210	211
172	212	211
191	213	214
192	215	214
103	216	217
104	218	217
123	219	220
124	221	220
143	222	223
144	224	223
163	225	226
164	227	226
183	228	229
184	230	229
115	231	232
116	233	232
135	234	235
136	236	235
155	237	238
156	239	238
175	240	241
176	242	241
195	243	244
196	245	244
107	246	247
108	248	247
127	249	250
128	251	250
147	252	253
148	254	253
167	255	256
168	257	256
187	258	259
188	260	259
119	261	262
120	263	262
139	264	265
140	266	265
159	267	268
160	269	268
179	270	271
180	272	271
199	273	274
200	275	274
101	276
102	277
105	278
106	279
109	280
110	281
113	282
114	283
117	284
118	285
121	286
122	287
125	288
126	289
129	290
130	291
133	292
134	293
137	294
138	295
141	296
142	297
145	298
146	299
149	300
150	301
153	302
154	303
157	304
158	305
161	306
162	307
165	308
166	309
169	310
170	311
173	312
174	313
177	314
178	315
181	316
182	317
185	318
186	319
189	320
190	321
193	322
194	323
197	324
198	325
276	326	327
277	328	327
286	329	330
287	331	330
296	332	333
297	334	333
306	335	336
307	337	336
316	338	339
317	340	339
282	341	342
283	343	342
292	344	345
293	346	345
302	347	348
303	349	348
312	350	351
313	352	351
322	353	354
323	355	354
278	356	357
279	358	357
288	359	360
289	361	360
298	362	363
299	364	363
308	365	366
309	367	366
318	368	369
319	370	369
284	371	372
285	373	372
294	374	375
295	376	375
304	377	378
305	379	378
314	380	381
315	382	381
324	383	384
325	385	384
280	386	387
281	388	387
290	389	390
291	391	390
300	392	393
301	394	393
310	395	396
311	397	396
320	398	399
321	400	399
201	401
203	402
204	403
206	404
207	405
209	406
210	407
212	408
213	409
215	410
216	411
218	412
219	413
221	414
222	415
224	416
225	417
227	418
228	419
230	420
231	421
233	422
234	423
236	424
237	425
239	426
240	427
242	428
243	429
245	430
246	431
248	432
249	433
251	434
252	435
254	436
255	437
257	438
258	439
260	440
261	441
263	442
264	443
266	444
267	445
269	446
270	447
272	448
273	449
275	450
403	451	452
332	453	452
407	454	455
338	456	455
402	457	458
331	459	458
406	460	461
337	462	461
344	463	464
415	465	464
350	466	467
419	468	467
343	469	470
414	471	470
349	472	473
418	474	473
423	475	476
362	477	476
427	478	479
368	480	479
422	481	482
361	483	482
426	484	485
367	486	485
374	487	488
435	489	488
380	490	491
439	492	491
373	493	494
434	495	494
379	496	497
438	498	497
443	499	500
392	501	500
447	502	503
398	504	503
442	505	506
391	507	506
446	508	509
397	510	509
326	511
328	512
329	513
334	514
335	515
340	516
341	517
346	518
347	519
352	520
353	521
355	522
356	523
358	524
359	525
364	526
365	527
370	528
371	529
376	530
377	531
382	532
383	533
385	534
386	535
388	536
389	537
394	538
395	539
400	540
511	541
512	542
411	543
412	544
523	545
524	546
431	547
432	548
535	549
536	550
401	551
457	552
517	553
469	554
421	555
481	556
529	557
493	558
441	559
505	560
513	561
459	562
413	563
471	564
525	565
483	566
433	567
495	568
537	569
507	570
451	571
404	572
463	573
518	574
475	575
424	576
487	577
530	578
499	579
444	580
453	581
514	582
465	583
416	584
477	585
526	586
489	587
436	588
501	589
538	590
405	591
460	592
519	593
472	594
425	595
484	596
531	597
496	598
445	599
508	600
515	601
462	602
417	603
474	604
527	605
486	606
437	607
498	608
539	609
510	610
454	611
408	612
466	613
520	614
478	615
428	616
490	617
532	618
502	619
448	620
456	621
516	622
468	623
420	624
480	625
528	626
492	627
440	628
504	629
540	630
409	631
410	632
521	633
522	634
429	635
430	636
533	637
534	638
449	639
450	640
541
542
543
544
545
546
547
548
549
550
551
552
553
554
555
556
557
558
559
560
561
562
563
564
565
566
567
568
569
570
571
572
573
574
575
576
577
578
579
580
581
582
583
584
585
586
587
588
589
590
591
592
593
594
595
596
597
598
599
600
601
602
603
604
605
606
607
608
609
610
611
612
613
614
615
616
617
618
619
620
621
622
623
624
625
626
627
628
629
630
631
632
633
634
635
636
637
638
639
640
