1
2
3
4
5
6
7
8
9
10
11
12
13
14
15
16
17
18
19
20
21
22
23
24
25
26
27
28
29
30
31
32
33
34
35
36
37
38
39
40
41
42
43
44
45
46
47
48
49
50
51
52
53
54
55
56
57
58
59
60
61
62
63
64
65
66
67
68
69
70
71
72
73
74
75
76
77
78
79
80
81
82
83
84
85
86
87
88
89
90
91
92
93
94
95
96
97
98
99
100
101
102
103
104
105
106
107
108
109
110
111
112
113
114
115
116
117
118
119
120
121
122
123
124
125
126
127
128
129
130
131
132
133
134
135
136
137
138
139
140
141
142
143
144
145
146
147
148
149
150
151
152
153
154
155
156
157
158
159
160
161
162
163
164
165
166
167
168
169
170
171
172
173
174
175
176
177
178
179
180
181
182
183
184
185
186
187
188
189
190
191
192
193
194
195
196
197
198
199
200
201
202
203
204
205
206
207
208
209
210
211
212
213
214
215
216
217
218
219
220
221
222
223
224
225
226
227
228
229
230
231
232
233
234
235
236
237
238
239
240
241
242
243
244
245
246
247
248
249
250
251
252
253
254
255
256
257
258
259
260
261
262
263
264
265
266
267
268
269
270
271
272
273
274
275
276
277
278
279
280
281
282
283
284
285
286
287
288
289
290
291
292
293
294
295
296
297
298
299
300
301
302
303
304
305
306
307
308
309
310
311
312
313
314
315
316
317
318
319
320
321
322
323
324
325
326
327
328
329
330
331
332
333
334
335
336
337
338
339
340
341
342
343
344
345
346
347
348
349
350
351
352
353
354
355
356
357
358
359
360
361
362
363
364
365
366
367
368
369
370
371
372
373
374
375
376
377
378
379
380
381
382
383
384
385
386
387
388
389
390
391
392
393
394
395
396
397
398
399
400
1	401
2	402
3	403
4	404
5	405
6	406
7	407
8	408
9	409
10	410
11	411
12	412
13	413
14	414
15	415
16	416
17	417
18	418
19	419
20	420
21	421
22	422
23	423
24	424
25	425
26	426
27	427
28	428
29	429
30	430
31	431
32	432
33	433
34	434
35	435
36	436
37	437
38	438
39	439
40	440
41	441
42	442
43	443
44	444
45	445
46	446
47	447
48	448
49	449
50	450
51	451
52	452
53	453
54	454
55	455
56	456
57	457
58	458
59	459
60	460
61	461
62	462
63	463
64	464
65	465
66	466
67	467
68	468
69	469
70	470
71	471
72	472
73	473
74	474
75	475
76	476
77	477
78	478
79	479
80	480
81	481
82	482
83	483
84	484
85	485
86	486
87	487
88	488
89	489
90	490
91	491
92	492
93	493
94	494
95	495
96	496
97	497
98	498
99	499
100	500
101	501
102	502
103	503
104	504
105	505
106	506
107	507
108	508
109	509
110	510
111	511
112	512
113	513
114	514
115	515
116	516
117	517
118	518
119	519
120	520
121	521
122	522
123	523
124	524
125	525
126	526
127	527
128	528
129	529
130	530
131	531
132	532
133	533
134	534
135	535
136	536
137	537
138	538
139	539
140	540
141	541
142	542
143	543
144	544
145	545
146	546
147	547
148	548
149	549
150	550
151	551
152	552
153	553
154	554
155	555
156	556
157	557
158	558
159	559
160	560
161	561
162	562
163	563
164	564
165	565
166	566
167	567
168	568
169	569
170	570
171	571
172	572
173	573
174	574
175	575
176	576
177	577
178	578
179	579
180	580
181	581
182	582
183	583
184	584
185	585
186	586
187	587
188	588
189	589
190	590
191	591
192	592
193	593
194	594
195	595
196	596
197	597
198	598
199	599
200	600
201	601
202	602
203	603
204	604
205	605
206	606
207	607
208	608
209	609
210	610
211	611
212	612
213	613
214	614
215	615
216	616
217	617
218	618
219	619
220	620
221	621
222	622
223	623
224	624
225	625
226	626
227	627
228	628
229	629
230	630
231	631
232	632
233	633
234	634
235	635
236	636
237	637
238	638
239	639
240	640
241	641
242	642
243	643
244	644
245	645
246	646
247	647
248	648
249	649
250	650
251	651
252	652
253	653
254	654
255	655
256	656
257	657
258	658
259	659
260	660
261	661
262	662
263	663
264	664
265	665
266	666
267	667
268	668
269	669
270	670
271	671
272	672
273	673
274	674
275	675
276	676
277	677
278	678
279	679
280	680
281	681
282	682
283	683
284	684
285	685
286	686
287	687
288	688
289	689
290	690
291	691
292	692
293	693
294	694
295	695
296	696
297	697
298	698
299	699
300	700
301	701
302	702
303	703
304	704
305	705
306	706
307	707
308	708
309	709
310	710
311	711
312	712
313	713
314	714
315	715
316	716
317	717
318	718
319	719
320	720
321	721
322	722
323	723
324	724
325	725
326	726
327	727
328	728
329	729
330	730
331	731
332	732
333	733
334	734
335	735
336	736
337	737
338	738
339	739
340	740
341	741
342	742
343	743
344	744
345	745
346	746
347	747
348	748
349	749
350	750
351	751
352	752
353	753
354	754
355	755
356	756
357	757
358	758
359	759
360	760
361	761
362	762
363	763
364	764
365	765
366	766
367	767
368	768
369	769
370	770
371	771
372	772
373	773
374	774
375	775
376	776
377	777
378	778
379	779
380	780
381	781
382	782
383	783
384	784
385	785
386	786
387	787
388	788
389	789
390	790
391	791
392	792
393	793
394	794
395	795
396	796
397	797
398	798
399	799
400	800
421	801	802
422	803	802
461	804	805
462	806	805
501	807	808
502	809	808
541	810	811
542	812	811
581	813	814
582	815	814
621	816	817
622	818	817
661	819	820
662	821	820
701	822	823
702	824	823
741	825	826
742	827	826
781	828	829
782	830	829
403	831	832
404	833	832
443	834	835
444	836	835
483	837	838
484	839	838
523	840	841
524	842	841
563	843	844
564	845	844
603	846	847
604	848	847
643	849	850
644	851	850
683	852	853
684	854	853
723	855	856
724	857	856
763	858	859
764	860	859
425	861	862
426	863	862
465	864	865
466	866	865
505	867	868
506	869	868
545	870	871
546	872	871
585	873	874
586	875	874
625	876	877
626	878	877
665	879	880
666	881	880
705	882	883
706	884	883
745	885	886
746	887	886
785	888	889
786	890	889
407	891	892
408	893	892
447	894	895
448	896	895
487	897	898
488	899	898
527	900	901
528	902	901
567	903	904
568	905	904
607	906	907
608	908	907
647	909	910
648	911	910
687	912	913
688	914	913
727	915	916
728	917	916
767	918	919
768	920	919
429	921	922
430	923	922
469	924	925
470	926	925
509	927	928
510	929	928
549	930	931
550	932	931
589	933	934
590	935	934
629	936	937
630	938	937
669	939	940
670	941	940
709	942	943
710	944	943
749	945	946
750	947	946
789	948	949
790	950	949
411	951	952
412	953	952
451	954	955
452	956	955
491	957	958
492	959	958
531	960	961
532	962	961
571	963	964
572	965	964
611	966	967
612	968	967
651	969	970
652	971	970
691	972	973
692	974	973
731	975	976
732	977	976
771	978	979
772	980	979
433	981	982
434	983	982
473	984	985
474	986	985
513	987	988
514	989	988
553	990	991
554	992	991
593	993	994
594	995	994
633	996	997
634	998	997
673	999	1000
674	1001	1000
713	1002	1003
714	1004	1003
753	1005	1006
754	1007	1006
793	1008	1009
794	1010	1009
415	1011	1012
416	1013	1012
455	1014	1015
456	1016	1015
495	1017	1018
496	1019	1018
535	1020	1021
536	1022	1021
575	1023	1024
576	1025	1024
615	1026	1027
616	1028	1027
655	1029	1030
656	1031	1030
695	1032	1033
696	1034	1033
735	1035	1036
736	1037	1036
775	1038	1039
776	1040	1039
437	1041	1042
438	1043	1042
477	1044	1045
478	1046	1045
517	1047	1048
518	1049	1048
557	1050	1051
558	1052	1051
597	1053	1054
598	1055	1054
637	1056	1057
638	1058	1057
677	1059	1060
678	1061	1060
717	1062	1063
718	1064	1063
757	1065	1066
758	1067	1066
797	1068	1069
798	1070	1069
419	1071	1072
420	1073	1072
459	1074	1075
460	1076	1075
499	1077	1078
500	1079	1078
539	1080	1081
540	1082	1081
579	1083	1084
580	1085	1084
619	1086	1087
620	1088	1087
659	1089	1090
660	1091	1090
699	1092	1093
700	1094	1093
739	1095	1096
740	1097	1096
779	1098	1099
780	1100	1099
401	1101
402	1102
405	1103
406	1104
409	1105
410	1106
413	1107
414	1108
417	1109
418	1110
423	1111
424	1112
427	1113
428	1114
431	1115
432	1116
435	1117
436	1118
439	1119
440	1120
441	1121
442	1122
445	1123
446	1124
449	1125
450	1126
453	1127
454	1128
457	1129
458	1130
463	1131
464	1132
467	1133
468	1134
471	1135
472	1136
475	1137
476	1138
479	1139
480	1140
481	1141
482	1142
485	1143
486	1144
489	1145
490	1146
493	1147
494	1148
497	1149
498	1150
503	1151
504	1152
507	1153
508	1154
511	1155
512	1156
515	1157
516	1158
519	1159
520	1160
521	1161
522	1162
525	1163
526	1164
529	1165
530	1166
533	1167
534	1168
537	1169
538	1170
543	1171
544	1172
547	1173
548	1174
551	1175
552	1176
555	1177
556	1178
559	1179
560	1180
561	1181
562	1182
565	1183
566	1184
569	1185
570	1186
573	1187
574	1188
577	1189
578	1190
583	1191
584	1192
587	1193
588	1194
591	1195
592	1196
595	1197
596	1198
599	1199
600	1200
601	1201
602	1202
605	1203
606	1204
609	1205
610	1206
613	1207
614	1208
617	1209
618	1210
623	1211
624	1212
627	1213
628	1214
631	1215
632	1216
635	1217
636	1218
639	1219
640	1220
641	1221
642	1222
645	1223
646	1224
649	1225
650	1226
653	1227
654	1228
657	1229
658	1230
663	1231
664	1232
667	1233
668	1234
671	1235
672	1236
675	1237
676	1238
679	1239
680	1240
681	1241
682	1242
685	1243
686	1244
689	1245
690	1246
693	1247
694	1248
697	1249
698	1250
703	1251
704	1252
707	1253
708	1254
711	1255
712	1256
715	1257
716	1258
719	1259
720	1260
721	1261
722	1262
725	1263
726	1264
729	1265
730	1266
733	1267
734	1268
737	1269
738	1270
743	1271
744	1272
747	1273
748	1274
751	1275
752	1276
755	1277
756	1278
759	1279
760	1280
761	1281
762	1282
765	1283
766	1284
769	1285
770	1286
773	1287
774	1288
777	1289
778	1290
783	1291
784	1292
787	1293
788	1294
791	1295
792	1296
795	1297
796	1298
799	1299
800	1300
1101	1301	1302
1102	1303	1302
1121	1304	1305
1122	1306	1305
1141	1307	1308
1142	1309	1308
1161	1310	1311
1162	1312	1311
1181	1313	1314
1182	1315	1314
1201	1316	1317
1202	1318	1317
1221	1319	1320
1222	1321	1320
1241	1322	1323
1242	1324	1323
1261	1325	1326
1262	1327	1326
1281	1328	1329
1282	1330	1329
1111	1331	1332
1112	1333	1332
1131	1334	1335
1132	1336	1335
1151	1337	1338
1152	1339	1338
1171	1340	1341
1172	1342	1341
1191	1343	1344
1192	1345	1344
1211	1346	1347
1212	1348	1347
1231	1349	1350
1232	1351	1350
1251	1352	1353
1252	1354	1353
1271	1355	1356
1272	1357	1356
1291	1358	1359
1292	1360	1359
1103	1361	1362
1104	1363	1362
1123	1364	1365
1124	1366	1365
1143	1367	1368
1144	1369	1368
1163	1370	1371
1164	1372	1371
1183	1373	1374
1184	1375	1374
1203	1376	1377
1204	1378	1377
1223	1379	1380
1224	1381	1380
1243	1382	1383
1244	1384	1383
1263	1385	1386
1264	1387	1386
1283	1388	1389
1284	1390	1389
1113	1391	1392
1114	1393	1392
1133	1394	1395
1134	1396	1395
1153	1397	1398
1154	1399	1398
1173	1400	1401
1174	1402	1401
1193	1403	1404
1194	1405	1404
1213	1406	1407
1214	1408	1407
1233	1409	1410
1234	1411	1410
1253	1412	1413
1254	1414	1413
1273	1415	1416
1274	1417	1416
1293	1418	1419
1294	1420	1419
1105	1421	1422
1106	1423	1422
1125	1424	1425
1126	1426	1425
1145	1427	1428
1146	1429	1428
1165	1430	1431
1166	1432	1431
1185	1433	1434
1186	1435	1434
1205	1436	1437
1206	1438	1437
1225	1439	1440
1226	1441	1440
1245	1442	1443
1246	1444	1443
1265	1445	1446
1266	1447	1446
1285	1448	1449
1286	1450	1449
1115	1451	1452
1116	1453	1452
1135	1454	1455
1136	1456	1455
1155	1457	1458
1156	1459	1458
1175	1460	1461
1176	1462	1461
1195	1463	1464
1196	1465	1464
1215	1466	1467
1216	1468	1467
1235	1469	1470
1236	1471	1470
1255	1472	1473
1256	1474	1473
1275	1475	1476
1276	1477	1476
1295	1478	1479
1296	1480	1479
1107	1481	1482
1108	1483	1482
1127	1484	1485
1128	1486	1485
1147	1487	1488
1148	1489	1488
1167	1490	1491
1168	1492	1491
1187	1493	1494
1188	1495	1494
1207	1496	1497
1208	1498	1497
1227	1499	1500
1228	1501	1500
1247	1502	1503
1248	1504	1503
1267	1505	1506
1268	1507	1506
1287	1508	1509
1288	1510	1509
1117	1511	1512
1118	1513	1512
1137	1514	1515
1138	1516	1515
1157	1517	1518
1158	1519	1518
1177	1520	1521
1178	1522	1521
1197	1523	1524
1198	1525	1524
1217	1526	1527
1218	1528	1527
1237	1529	1530
1238	1531	1530
1257	1532	1533
1258	1534	1533
1277	1535	1536
1278	1537	1536
1297	1538	1539
1298	1540	1539
1109	1541	1542
1110	1543	1542
1129	1544	1545
1130	1546	1545
1149	1547	1548
1150	1549	1548
1169	1550	1551
1170	1552	1551
1189	1553	1554
1190	1555	1554
1209	1556	1557
1210	1558	1557
1229	1559	1560
1230	1561	1560
1249	1562	1563
1250	1564	1563
1269	1565	1566
1270	1567	1566
1289	1568	1569
1290	1570	1569
1119	1571	1572
1120	1573	1572
1139	1574	1575
1140	1576	1575
1159	1577	1578
1160	1579	1578
1179	1580	1581
1180	1582	1581
1199	1583	1584
1200	1585	1584
1219	1586	1587
1220	1588	1587
1239	1589	1590
1240	1591	1590
1259	1592	1593
1260	1594	1593
1279	1595	1596
1280	1597	1596
1299	1598	1599
1300	1600	1599
801	1601
803	1602
804	1603
806	1604
807	1605
809	1606
810	1607
812	1608
813	1609
815	1610
816	1611
818	1612
819	1613
821	1614
822	1615
824	1616
825	1617
827	1618
828	1619
830	1620
831	1621
833	1622
834	1623
836	1624
837	1625
839	1626
840	1627
842	1628
843	1629
845	1630
846	1631
848	1632
849	1633
851	1634
852	1635
854	1636
855	1637
857	1638
858	1639
860	1640
861	1641
863	1642
864	1643
866	1644
867	1645
869	1646
870	1647
872	1648
873	1649
875	1650
876	1651
878	1652
879	1653
881	1654
882	1655
884	1656
885	1657
887	1658
888	1659
890	1660
891	1661
893	1662
894	1663
896	1664
897	1665
899	1666
900	1667
902	1668
903	1669
905	1670
906	1671
908	1672
909	1673
911	1674
912	1675
914	1676
915	1677
917	1678
918	1679
920	1680
921	1681
923	1682
924	1683
926	1684
927	1685
929	1686
930	1687
932	1688
933	1689
935	1690
936	1691
938	1692
939	1693
941	1694
942	1695
944	1696
945	1697
947	1698
948	1699
950	1700
951	1701
953	1702
954	1703
956	1704
957	1705
959	1706
960	1707
962	1708
963	1709
965	1710
966	1711
968	1712
969	1713
971	1714
972	1715
974	1716
975	1717
977	1718
978	1719
980	1720
981	1721
983	1722
984	1723
986	1724
987	1725
989	1726
990	1727
992	1728
993	1729
995	1730
996	1731
998	1732
999	1733
1001	1734
1002	1735
1004	1736
1005	1737
1007	1738
1008	1739
1010	1740
1011	1741
1013	1742
1014	1743
1016	1744
1017	1745
1019	1746
1020	1747
1022	1748
1023	1749
1025	1750
1026	1751
1028	1752
1029	1753
1031	1754
1032	1755
1034	1756
1035	1757
1037	1758
1038	1759
1040	1760
1041	1761
1043	1762
1044	1763
1046	1764
1047	1765
1049	1766
1050	1767
1052	1768
1053	1769
1055	1770
1056	1771
1058	1772
1059	1773
1061	1774
1062	1775
1064	1776
1065	1777
1067	1778
1068	1779
1070	1780
1071	1781
1073	1782
1074	1783
1076	1784
1077	1785
1079	1786
1080	1787
1082	1788
1083	1789
1085	1790
1086	1791
1088	1792
1089	1793
1091	1794
1092	1795
1094	1796
1095	1797
1097	1798
1098	1799
1100	1800
1603	1801	1802
1307	1803	1802
1607	1804	1805
1313	1806	1805
1611	1807	1808
1319	1809	1808
1615	1810	1811
1325	1812	1811
1602	1813	1814
1306	1815	1814
1606	1816	1817
1312	1818	1817
1610	1819	1820
1318	1821	1820
1614	1822	1823
1324	1824	1823
1618	1825	1826
1330	1827	1826
1334	1828	1829
1625	1830	1829
1340	1831	1832
1629	1833	1832
1346	1834	1835
1633	1836	1835
1352	1837	1838
1637	1839	1838
1333	1840	1841
1624	1842	1841
1339	1843	1844
1628	1845	1844
1345	1846	1847
1632	1848	1847
1351	1849	1850
1636	1851	1850
1357	1852	1853
1640	1854	1853
1643	1855	1856
1367	1857	1856
1647	1858	1859
1373	1860	1859
1651	1861	1862
1379	1863	1862
1655	1864	1865
1385	1866	1865
1642	1867	1868
1366	1869	1868
1646	1870	1871
1372	1872	1871
1650	1873	1874
1378	1875	1874
1654	1876	1877
1384	1878	1877
1658	1879	1880
1390	1881	1880
1394	1882	1883
1665	1884	1883
1400	1885	1886
1669	1887	1886
1406	1888	1889
1673	1890	1889
1412	1891	1892
1677	1893	1892
1393	1894	1895
1664	1896	1895
1399	1897	1898
1668	1899	1898
1405	1900	1901
1672	1902	1901
1411	1903	1904
1676	1905	1904
1417	1906	1907
1680	1908	1907
1683	1909	1910
1427	1911	1910
1687	1912	1913
1433	1914	1913
1691	1915	1916
1439	1917	1916
1695	1918	1919
1445	1920	1919
1682	1921	1922
1426	1923	1922
1686	1924	1925
1432	1926	1925
1690	1927	1928
1438	1929	1928
1694	1930	1931
1444	1932	1931
1698	1933	1934
1450	1935	1934
1454	1936	1937
1705	1938	1937
1460	1939	1940
1709	1941	1940
1466	1942	1943
1713	1944	1943
1472	1945	1946
1717	1947	1946
1453	1948	1949
1704	1950	1949
1459	1951	1952
1708	1953	1952
1465	1954	1955
1712	1956	1955
1471	1957	1958
1716	1959	1958
1477	1960	1961
1720	1962	1961
1723	1963	1964
1487	1965	1964
1727	1966	1967
1493	1968	1967
1731	1969	1970
1499	1971	1970
1735	1972	1973
1505	1974	1973
1722	1975	1976
1486	1977	1976
1726	1978	1979
1492	1980	1979
1730	1981	1982
1498	1983	1982
1734	1984	1985
1504	1986	1985
1738	1987	1988
1510	1989	1988
1514	1990	1991
1745	1992	1991
1520	1993	1994
1749	1995	1994
1526	1996	1997
1753	1998	1997
1532	1999	2000
1757	2001	2000
1513	2002	2003
1744	2004	2003
1519	2005	2006
1748	2007	2006
1525	2008	2009
1752	2010	2009
1531	2011	2012
1756	2013	2012
1537	2014	2015
1760	2016	2015
1763	2017	2018
1547	2019	2018
1767	2020	2021
1553	2022	2021
1771	2023	2024
1559	2025	2024
1775	2026	2027
1565	2028	2027
1762	2029	2030
1546	2031	2030
1766	2032	2033
1552	2034	2033
1770	2035	2036
1558	2037	2036
1774	2038	2039
1564	2040	2039
1778	2041	2042
1570	2043	2042
1574	2044	2045
1785	2046	2045
1580	2047	2048
1789	2049	2048
1586	2050	2051
1793	2052	2051
1592	2053	2054
1797	2055	2054
1573	2056	2057
1784	2058	2057
1579	2059	2060
1788	2061	2060
1585	2062	2063
1792	2064	2063
1591	2065	2066
1796	2067	2066
1597	2068	2069
1800	2070	2069
1301	2071
1303	2072
1304	2073
1309	2074
1310	2075
1315	2076
1316	2077
1321	2078
1322	2079
1327	2080
1328	2081
1331	2082
1336	2083
1337	2084
1342	2085
1343	2086
1348	2087
1349	2088
1354	2089
1355	2090
1358	2091
1360	2092
1361	2093
1363	2094
1364	2095
1369	2096
1370	2097
1375	2098
1376	2099
1381	2100
1382	2101
1387	2102
1388	2103
1391	2104
1396	2105
1397	2106
1402	2107
1403	2108
1408	2109
1409	2110
1414	2111
1415	2112
1418	2113
1420	2114
1421	2115
1423	2116
1424	2117
1429	2118
1430	2119
1435	2120
1436	2121
1441	2122
1442	2123
1447	2124
1448	2125
1451	2126
1456	2127
1457	2128
1462	2129
1463	2130
1468	2131
1469	2132
1474	2133
1475	2134
1478	2135
1480	2136
1481	2137
1483	2138
1484	2139
1489	2140
1490	2141
1495	2142
1496	2143
1501	2144
1502	2145
1507	2146
1508	2147
1511	2148
1516	2149
1517	2150
1522	2151
1523	2152
1528	2153
1529	2154
1534	2155
1535	2156
1538	2157
1540	2158
1541	2159
1543	2160
1544	2161
1549	2162
1550	2163
1555	2164
1556	2165
1561	2166
1562	2167
1567	2168
1568	2169
1571	2170
1576	2171
1577	2172
1582	2173
1583	2174
1588	2175
1589	2176
1594	2177
1595	2178
1598	2179
1600	2180
1601	2181	2182
2073	2183	2182
1605	2184	2185
2075	2186	2185
1609	2187	2188
2077	2189	2188
1613	2190	2191
2079	2192	2191
1617	2193	2194
2081	2195	2194
1604	2196	2197
2074	2198	2197
1608	2199	2200
2076	2201	2200
1612	2202	2203
2078	2204	2203
1616	2205	2206
2080	2207	2206
2082	2208	2209
1623	2210	2209
2084	2211	2212
1627	2213	2212
2086	2214	2215
1631	2216	2215
2088	2217	2218
1635	2219	2218
2090	2220	2221
1639	2222	2221
2083	2223	2224
1626	2225	2224
2085	2226	2227
1630	2228	2227
2087	2229	2230
1634	2231	2230
2089	2232	2233
1638	2234	2233
1641	2235	2236
2095	2237	2236
1645	2238	2239
2097	2240	2239
1649	2241	2242
2099	2243	2242
1653	2244	2245
2101	2246	2245
1657	2247	2248
2103	2249	2248
1644	2250	2251
2096	2252	2251
1648	2253	2254
2098	2255	2254
1652	2256	2257
2100	2258	2257
1656	2259	2260
2102	2261	2260
2104	2262	2263
1663	2264	2263
2106	2265	2266
1667	2267	2266
2108	2268	2269
1671	2270	2269
2110	2271	2272
1675	2273	2272
2112	2274	2275
1679	2276	2275
2105	2277	2278
1666	2279	2278
2107	2280	2281
1670	2282	2281
2109	2283	2284
1674	2285	2284
2111	2286	2287
1678	2288	2287
1681	2289	2290
2117	2291	2290
1685	2292	2293
2119	2294	2293
1689	2295	2296
2121	2297	2296
1693	2298	2299
2123	2300	2299
1697	2301	2302
2125	2303	2302
1684	2304	2305
2118	2306	2305
1688	2307	2308
2120	2309	2308
1692	2310	2311
2122	2312	2311
1696	2313	2314
2124	2315	2314
2126	2316	2317
1703	2318	2317
2128	2319	2320
1707	2321	2320
2130	2322	2323
1711	2324	2323
2132	2325	2326
1715	2327	2326
2134	2328	2329
1719	2330	2329
2127	2331	2332
1706	2333	2332
2129	2334	2335
1710	2336	2335
2131	2337	2338
1714	2339	2338
2133	2340	2341
1718	2342	2341
1721	2343	2344
2139	2345	2344
1725	2346	2347
2141	2348	2347
1729	2349	2350
2143	2351	2350
1733	2352	2353
2145	2354	2353
1737	2355	2356
2147	2357	2356
1724	2358	2359
2140	2360	2359
1728	2361	2362
2142	2363	2362
1732	2364	2365
2144	2366	2365
1736	2367	2368
2146	2369	2368
2148	2370	2371
1743	2372	2371
2150	2373	2374
1747	2375	2374
2152	2376	2377
1751	2378	2377
2154	2379	2380
1755	2381	2380
2156	2382	2383
1759	2384	2383
2149	2385	2386
1746	2387	2386
2151	2388	2389
1750	2390	2389
2153	2391	2392
1754	2393	2392
2155	2394	2395
1758	2396	2395
1761	2397	2398
2161	2399	2398
1765	2400	2401
2163	2402	2401
1769	2403	2404
2165	2405	2404
1773	2406	2407
2167	2408	2407
1777	2409	2410
2169	2411	2410
1764	2412	2413
2162	2414	2413
1768	2415	2416
2164	2417	2416
1772	2418	2419
2166	2420	2419
1776	2421	2422
2168	2423	2422
2170	2424	2425
1783	2426	2425
2172	2427	2428
1787	2429	2428
2174	2430	2431
1791	2432	2431
2176	2433	2434
1795	2435	2434
2178	2436	2437
1799	2438	2437
2171	2439	2440
1786	2441	2440
2173	2442	2443
1790	2444	2443
2175	2445	2446
1794	2447	2446
2177	2448	2449
1798	2450	2449
1801	2451
1803	2452
1804	2453
1806	2454
1807	2455
1809	2456
1810	2457
1812	2458
1813	2459
1815	2460
1816	2461
1818	2462
1819	2463
1821	2464
1822	2465
1824	2466
1825	2467
1827	2468
1828	2469
1830	2470
1831	2471
1833	2472
1834	2473
1836	2474
1837	2475
1839	2476
1840	2477
1842	2478
1843	2479
1845	2480
1846	2481
1848	2482
1849	2483
1851	2484
1852	2485
1854	2486
1855	2487
1857	2488
1858	2489
1860	2490
1861	2491
1863	2492
1864	2493
1866	2494
1867	2495
1869	2496
1870	2497
1872	2498
1873	2499
1875	2500
1876	2501
1878	2502
1879	2503
1881	2504
1882	2505
1884	2506
1885	2507
1887	2508
1888	2509
1890	2510
1891	2511
1893	2512
1894	2513
1896	2514
1897	2515
1899	2516
1900	2517
1902	2518
1903	2519
1905	2520
1906	2521
1908	2522
1909	2523
1911	2524
1912	2525
1914	2526
1915	2527
1917	2528
1918	2529
1920	2530
1921	2531
1923	2532
1924	2533
1926	2534
1927	2535
1929	2536
1930	2537
1932	2538
1933	2539
1935	2540
1936	2541
1938	2542
1939	2543
1941	2544
1942	2545
1944	2546
1945	2547
1947	2548
1948	2549
1950	2550
1951	2551
1953	2552
1954	2553
1956	2554
1957	2555
1959	2556
1960	2557
1962	2558
1963	2559
1965	2560
1966	2561
1968	2562
1969	2563
1971	2564
1972	2565
1974	2566
1975	2567
1977	2568
1978	2569
1980	2570
1981	2571
1983	2572
1984	2573
1986	2574
1987	2575
1989	2576
1990	2577
1992	2578
1993	2579
1995	2580
1996	2581
1998	2582
1999	2583
2001	2584
2002	2585
2004	2586
2005	2587
2007	2588
2008	2589
2010	2590
2011	2591
2013	2592
2014	2593
2016	2594
2017	2595
2019	2596
2020	2597
2022	2598
2023	2599
2025	2600
2026	2601
2028	2602
2029	2603
2031	2604
2032	2605
2034	2606
2035	2607
2037	2608
2038	2609
2040	2610
2041	2611
2043	2612
2044	2613
2046	2614
2047	2615
2049	2616
2050	2617
2052	2618
2053	2619
2055	2620
2056	2621
2058	2622
2059	2623
2061	2624
2062	2625
2064	2626
2065	2627
2067	2628
2068	2629
2070	2630
2459	2631	2632
2208	2633	2632
2196	2634	2635
2469	2636	2635
2461	2637	2638
2211	2639	2638
2199	2640	2641
2471	2642	2641
2463	2643	2644
2214	2645	2644
2202	2646	2647
2473	2648	2647
2465	2649	2650
2217	2651	2650
2205	2652	2653
2475	2654	2653
2467	2655	2656
2220	2657	2656
1620	2658	2659
2091	2660	2659
1622	2661	2662
2093	2663	2662
2478	2664	2665
2237	2666	2665
2225	2667	2668
2488	2669	2668
2480	2670	2671
2240	2672	2671
2228	2673	2674
2490	2675	2674
2482	2676	2677
2243	2678	2677
2231	2679	2680
2492	2681	2680
2484	2682	2683
2246	2684	2683
2234	2685	2686
2494	2687	2686
2486	2688	2689
2249	2690	2689
2495	2691	2692
2262	2693	2692
2250	2694	2695
2505	2696	2695
2497	2697	2698
2265	2699	2698
2253	2700	2701
2507	2702	2701
2499	2703	2704
2268	2705	2704
2256	2706	2707
2509	2708	2707
2501	2709	2710
2271	2711	2710
2259	2712	2713
2511	2714	2713
2503	2715	2716
2274	2717	2716
1660	2718	2719
2113	2720	2719
1662	2721	2722
2115	2723	2722
2514	2724	2725
2291	2726	2725
2279	2727	2728
2524	2729	2728
2516	2730	2731
2294	2732	2731
2282	2733	2734
2526	2735	2734
2518	2736	2737
2297	2738	2737
2285	2739	2740
2528	2741	2740
2520	2742	2743
2300	2744	2743
2288	2745	2746
2530	2747	2746
2522	2748	2749
2303	2750	2749
2531	2751	2752
2316	2753	2752
2304	2754	2755
2541	2756	2755
2533	2757	2758
2319	2759	2758
2307	2760	2761
2543	2762	2761
2535	2763	2764
2322	2765	2764
2310	2766	2767
2545	2768	2767
2537	2769	2770
2325	2771	2770
2313	2772	2773
2547	2774	2773
2539	2775	2776
2328	2777	2776
1700	2778	2779
2135	2780	2779
1702	2781	2782
2137	2783	2782
2550	2784	2785
2345	2786	2785
2333	2787	2788
2560	2789	2788
2552	2790	2791
2348	2792	2791
2336	2793	2794
2562	2795	2794
2554	2796	2797
2351	2798	2797
2339	2799	2800
2564	2801	2800
2556	2802	2803
2354	2804	2803
2342	2805	2806
2566	2807	2806
2558	2808	2809
2357	2810	2809
2567	2811	2812
2370	2813	2812
2358	2814	2815
2577	2816	2815
2569	2817	2818
2373	2819	2818
2361	2820	2821
2579	2822	2821
2571	2823	2824
2376	2825	2824
2364	2826	2827
2581	2828	2827
2573	2829	2830
2379	2831	2830
2367	2832	2833
2583	2834	2833
2575	2835	2836
2382	2837	2836
1740	2838	2839
2157	2840	2839
1742	2841	2842
2159	2843	2842
2586	2844	2845
2399	2846	2845
2387	2847	2848
2596	2849	2848
2588	2850	2851
2402	2852	2851
2390	2853	2854
2598	2855	2854
2590	2856	2857
2405	2858	2857
2393	2859	2860
2600	2861	2860
2592	2862	2863
2408	2864	2863
2396	2865	2866
2602	2867	2866
2594	2868	2869
2411	2870	2869
2603	2871	2872
2424	2873	2872
2412	2874	2875
2613	2876	2875
2605	2877	2878
2427	2879	2878
2415	2880	2881
2615	2882	2881
2607	2883	2884
2430	2885	2884
2418	2886	2887
2617	2888	2887
2609	2889	2890
2433	2891	2890
2421	2892	2893
2619	2894	2893
2611	2895	2896
2436	2897	2896
1780	2898	2899
2179	2900	2899
2181	2901
2183	2902
2184	2903
2186	2904
2187	2905
2189	2906
2190	2907
2192	2908
2193	2909
2195	2910
2198	2911
2201	2912
2204	2913
2207	2914
2210	2915
2213	2916
2216	2917
2219	2918
2222	2919
2223	2920
2226	2921
2229	2922
2232	2923
2235	2924
2238	2925
2241	2926
2244	2927
2247	2928
2252	2929
2255	2930
2258	2931
2261	2932
2264	2933
2267	2934
2270	2935
2273	2936
2276	2937
2277	2938
2280	2939
2283	2940
2286	2941
2289	2942
2292	2943
2295	2944
2298	2945
2301	2946
2306	2947
2309	2948
2312	2949
2315	2950
2318	2951
2321	2952
2324	2953
2327	2954
2330	2955
2331	2956
2334	2957
2337	2958
2340	2959
2343	2960
2346	2961
2349	2962
2352	2963
2355	2964
2360	2965
2363	2966
2366	2967
2369	2968
2372	2969
2375	2970
2378	2971
2381	2972
2384	2973
2385	2974
2388	2975
2391	2976
2394	2977
2397	2978
2400	2979
2403	2980
2406	2981
2409	2982
2414	2983
2417	2984
2420	2985
2423	2986
2426	2987
2429	2988
2432	2989
2435	2990
2438	2991
2439	2992
2441	2993
2442	2994
2444	2995
2445	2996
2447	2997
2448	2998
2450	2999
2072	3000	3001
1621	3002	3001
2460	3003	3004
2915	3005	3004
2911	3006	3007
2470	3008	3007
2462	3009	3010
2916	3011	3010
2912	3012	3013
2472	3014	3013
2464	3015	3016
2917	3017	3016
2913	3018	3019
2474	3020	3019
2466	3021	3022
2918	3023	3022
2914	3024	3025
2476	3026	3025
2468	3027	3028
2919	3029	3028
2477	3030	3031
2924	3032	3031
2920	3033	3034
2487	3035	3034
2479	3036	3037
2925	3038	3037
2921	3039	3040
2489	3041	3040
2481	3042	3043
2926	3044	3043
2922	3045	3046
2491	3047	3046
2483	3048	3049
2927	3050	3049
2923	3051	3052
2493	3053	3052
2485	3054	3055
2928	3056	3055
2092	3057	3058
1659	3059	3058
2094	3060	3061
1661	3062	3061
2496	3063	3064
2933	3065	3064
2929	3066	3067
2506	3068	3067
2498	3069	3070
2934	3071	3070
2930	3072	3073
2508	3074	3073
2500	3075	3076
2935	3077	3076
2931	3078	3079
2510	3080	3079
2502	3081	3082
2936	3083	3082
2932	3084	3085
2512	3086	3085
2504	3087	3088
2937	3089	3088
2513	3090	3091
2942	3092	3091
2938	3093	3094
2523	3095	3094
2515	3096	3097
2943	3098	3097
2939	3099	3100
2525	3101	3100
2517	3102	3103
2944	3104	3103
2940	3105	3106
2527	3107	3106
2519	3108	3109
2945	3110	3109
2941	3111	3112
2529	3113	3112
2521	3114	3115
2946	3116	3115
2114	3117	3118
1699	3119	3118
2116	3120	3121
1701	3122	3121
2532	3123	3124
2951	3125	3124
2947	3126	3127
2542	3128	3127
2534	3129	3130
2952	3131	3130
2948	3132	3133
2544	3134	3133
2536	3135	3136
2953	3137	3136
2949	3138	3139
2546	3140	3139
2538	3141	3142
2954	3143	3142
2950	3144	3145
2548	3146	3145
2540	3147	3148
2955	3149	3148
2549	3150	3151
2960	3152	3151
2956	3153	3154
2559	3155	3154
2551	3156	3157
2961	3158	3157
2957	3159	3160
2561	3161	3160
2553	3162	3163
2962	3164	3163
2958	3165	3166
2563	3167	3166
2555	3168	3169
2963	3170	3169
2959	3171	3172
2565	3173	3172
2557	3174	3175
2964	3176	3175
2136	3177	3178
1739	3179	3178
2138	3180	3181
1741	3182	3181
2568	3183	3184
2969	3185	3184
2965	3186	3187
2578	3188	3187
2570	3189	3190
2970	3191	3190
2966	3192	3193
2580	3194	3193
2572	3195	3196
2971	3197	3196
2967	3198	3199
2582	3200	3199
2574	3201	3202
2972	3203	3202
2968	3204	3205
2584	3206	3205
2576	3207	3208
2973	3209	3208
2585	3210	3211
2978	3212	3211
2974	3213	3214
2595	3215	3214
2587	3216	3217
2979	3218	3217
2975	3219	3220
2597	3221	3220
2589	3222	3223
2980	3224	3223
2976	3225	3226
2599	3227	3226
2591	3228	3229
2981	3230	3229
2977	3231	3232
2601	3233	3232
2593	3234	3235
2982	3236	3235
2158	3237	3238
1779	3239	3238
2160	3240	3241
1781	3242	3241
2604	3243	3244
2987	3245	3244
2983	3246	3247
2614	3248	3247
2606	3249	3250
2988	3251	3250
2984	3252	3253
2616	3254	3253
2608	3255	3256
2989	3257	3256
2985	3258	3259
2618	3260	3259
2610	3261	3262
2990	3263	3262
2986	3264	3265
2620	3266	3265
2612	3267	3268
2991	3269	3268
2631	3270
2633	3271
2634	3272
2636	3273
2637	3274
2639	3275
2640	3276
2642	3277
2643	3278
2645	3279
2646	3280
2648	3281
2649	3282
2651	3283
2652	3284
2654	3285
2655	3286
2657	3287
2658	3288
2660	3289
2661	3290
2663	3291
2664	3292
2666	3293
2667	3294
2669	3295
2670	3296
2672	3297
2673	3298
2675	3299
2676	3300
2678	3301
2679	3302
2681	3303
2682	3304
2684	3305
2685	3306
2687	3307
2688	3308
2690	3309
2691	3310
2693	3311
2694	3312
2696	3313
2697	3314
2699	3315
2700	3316
2702	3317
2703	3318
2705	3319
2706	3320
2708	3321
2709	3322
2711	3323
2712	3324
2714	3325
2715	3326
2717	3327
2718	3328
2720	3329
2721	3330
2723	3331
2724	3332
2726	3333
2727	3334
2729	3335
2730	3336
2732	3337
2733	3338
2735	3339
2736	3340
2738	3341
2739	3342
2741	3343
2742	3344
2744	3345
2745	3346
2747	3347
2748	3348
2750	3349
2751	3350
2753	3351
2754	3352
2756	3353
2757	3354
2759	3355
2760	3356
2762	3357
2763	3358
2765	3359
2766	3360
2768	3361
2769	3362
2771	3363
2772	3364
2774	3365
2775	3366
2777	3367
2778	3368
2780	3369
2781	3370
2783	3371
2784	3372
2786	3373
2787	3374
2789	3375
2790	3376
2792	3377
2793	3378
2795	3379
2796	3380
2798	3381
2799	3382
2801	3383
2802	3384
2804	3385
2805	3386
2807	3387
2808	3388
2810	3389
2811	3390
2813	3391
2814	3392
2816	3393
2817	3394
2819	3395
2820	3396
2822	3397
2823	3398
2825	3399
2826	3400
2828	3401
2829	3402
2831	3403
2832	3404
2834	3405
2835	3406
2837	3407
2838	3408
2840	3409
2841	3410
2843	3411
2844	3412
2846	3413
2847	3414
2849	3415
2850	3416
2852	3417
2853	3418
2855	3419
2856	3420
2858	3421
2859	3422
2861	3423
2862	3424
2864	3425
2865	3426
2867	3427
2868	3428
2870	3429
2871	3430
2873	3431
2874	3432
2876	3433
2877	3434
2879	3435
2880	3436
2882	3437
2883	3438
2885	3439
2886	3440
2888	3441
2889	3442
2891	3443
2892	3444
2894	3445
2895	3446
2897	3447
2898	3448
2900	3449
2071	3450	3451
2901	3452	3451
2452	3453	3454
2903	3455	3454
2454	3456	3457
2905	3458	3457
2456	3459	3460
2907	3461	3460
2458	3462	3463
2909	3464	3463
3003	3465	3466
3272	3467	3466
3009	3468	3469
3276	3470	3469
3015	3471	3472
3280	3473	3472
3021	3474	3475
3284	3476	3475
3027	3477	3478
3288	3479	3478
3002	3480	3481
3271	3482	3481
3008	3483	3484
3275	3485	3484
3014	3486	3487
3279	3488	3487
3020	3489	3490
3283	3491	3490
3026	3492	3493
3287	3494	3493
3292	3495	3496
3033	3497	3496
3296	3498	3499
3039	3500	3499
3300	3501	3502
3045	3503	3502
3304	3504	3505
3051	3506	3505
3308	3507	3508
3057	3509	3508
3291	3510	3511
3032	3512	3511
3295	3513	3514
3038	3515	3514
3299	3516	3517
3044	3518	3517
3303	3519	3520
3050	3521	3520
3307	3522	3523
3056	3524	3523
3063	3525	3526
3312	3527	3526
3069	3528	3529
3316	3530	3529
3075	3531	3532
3320	3533	3532
3081	3534	3535
3324	3536	3535
3087	3537	3538
3328	3539	3538
3062	3540	3541
3311	3542	3541
3068	3543	3544
3315	3545	3544
3074	3546	3547
3319	3548	3547
3080	3549	3550
3323	3551	3550
3086	3552	3553
3327	3554	3553
3332	3555	3556
3093	3557	3556
3336	3558	3559
3099	3560	3559
3340	3561	3562
3105	3563	3562
3344	3564	3565
3111	3566	3565
3348	3567	3568
3117	3569	3568
3331	3570	3571
3092	3572	3571
3335	3573	3574
3098	3575	3574
3339	3576	3577
3104	3578	3577
3343	3579	3580
3110	3581	3580
3347	3582	3583
3116	3584	3583
3123	3585	3586
3352	3587	3586
3129	3588	3589
3356	3590	3589
3135	3591	3592
3360	3593	3592
3141	3594	3595
3364	3596	3595
3147	3597	3598
3368	3599	3598
3122	3600	3601
3351	3602	3601
3128	3603	3604
3355	3605	3604
3134	3606	3607
3359	3608	3607
3140	3609	3610
3363	3611	3610
3146	3612	3613
3367	3614	3613
3372	3615	3616
3153	3617	3616
3376	3618	3619
3159	3620	3619
3380	3621	3622
3165	3623	3622
3384	3624	3625
3171	3626	3625
3388	3627	3628
3177	3629	3628
3371	3630	3631
3152	3632	3631
3375	3633	3634
3158	3635	3634
3379	3636	3637
3164	3638	3637
3383	3639	3640
3170	3641	3640
3387	3642	3643
3176	3644	3643
3183	3645	3646
3392	3647	3646
3189	3648	3649
3396	3650	3649
3195	3651	3652
3400	3653	3652
3201	3654	3655
3404	3656	3655
3207	3657	3658
3408	3659	3658
3182	3660	3661
3391	3662	3661
3188	3663	3664
3395	3665	3664
3194	3666	3667
3399	3668	3667
3200	3669	3670
3403	3671	3670
3206	3672	3673
3407	3674	3673
3412	3675	3676
3213	3677	3676
3416	3678	3679
3219	3680	3679
3420	3681	3682
3225	3683	3682
3424	3684	3685
3231	3686	3685
3428	3687	3688
3237	3689	3688
3411	3690	3691
3212	3692	3691
3415	3693	3694
3218	3695	3694
3419	3696	3697
3224	3698	3697
3423	3699	3700
3230	3701	3700
3427	3702	3703
3236	3704	3703
3243	3705	3706
3432	3707	3706
3249	3708	3709
3436	3710	3709
3255	3711	3712
3440	3713	3712
3261	3714	3715
3444	3716	3715
3267	3717	3718
3448	3719	3718
3242	3720	3721
3431	3722	3721
3248	3723	3724
3435	3725	3724
3254	3726	3727
3439	3728	3727
3260	3729	3730
3443	3731	3730
3266	3732	3733
3447	3734	3733
2622	3735	3736
2992	3737	3736
2624	3738	3739
2994	3740	3739
2626	3741	3742
2996	3743	3742
2628	3744	3745
2998	3746	3745
2630	3747	3748
2180	3749	3748
3000	3750
3005	3751
3006	3752
3011	3753
3012	3754
3017	3755
3018	3756
3023	3757
3024	3758
3029	3759
3030	3760
3035	3761
3036	3762
3041	3763
3042	3764
3047	3765
3048	3766
3053	3767
3054	3768
3059	3769
3060	3770
3065	3771
3066	3772
3071	3773
3072	3774
3077	3775
3078	3776
3083	3777
3084	3778
3089	3779
3090	3780
3095	3781
3096	3782
3101	3783
3102	3784
3107	3785
3108	3786
3113	3787
3114	3788
3119	3789
3120	3790
3125	3791
3126	3792
3131	3793
3132	3794
3137	3795
3138	3796
3143	3797
3144	3798
3149	3799
3150	3800
3155	3801
3156	3802
3161	3803
3162	3804
3167	3805
3168	3806
3173	3807
3174	3808
3179	3809
3180	3810
3185	3811
3186	3812
3191	3813
3192	3814
3197	3815
3198	3816
3203	3817
3204	3818
3209	3819
3210	3820
3215	3821
3216	3822
3221	3823
3222	3824
3227	3825
3228	3826
3233	3827
3234	3828
3239	3829
3240	3830
3245	3831
3246	3832
3251	3833
3252	3834
3257	3835
3258	3836
3263	3837
3264	3838
3269	3839
2902	3840	3841
2451	3842	3841
2904	3843	3844
2453	3845	3844
2906	3846	3847
2455	3848	3847
2908	3849	3850
2457	3851	3850
2910	3852	3853
1619	3854	3853
3750	3855	3856
3270	3857	3856
3752	3858	3859
3274	3860	3859
3754	3861	3862
3278	3863	3862
3756	3864	3865
3282	3866	3865
3758	3867	3868
3286	3869	3868
3751	3870	3871
3273	3872	3871
3753	3873	3874
3277	3875	3874
3755	3876	3877
3281	3878	3877
3757	3879	3880
3285	3881	3880
3759	3882	3883
3289	3884	3883
3290	3885	3886
3760	3887	3886
3294	3888	3889
3762	3890	3889
3298	3891	3892
3764	3893	3892
3302	3894	3895
3766	3896	3895
3306	3897	3898
3768	3899	3898
3293	3900	3901
3761	3902	3901
3297	3903	3904
3763	3905	3904
3301	3906	3907
3765	3908	3907
3305	3909	3910
3767	3911	3910
3309	3912	3913
3769	3914	3913
3770	3915	3916
3310	3917	3916
3772	3918	3919
3314	3920	3919
3774	3921	3922
3318	3923	3922
3776	3924	3925
3322	3926	3925
3778	3927	3928
3326	3929	3928
3771	3930	3931
3313	3932	3931
3773	3933	3934
3317	3935	3934
3775	3936	3937
3321	3938	3937
3777	3939	3940
3325	3941	3940
3779	3942	3943
3329	3944	3943
3330	3945	3946
3780	3947	3946
3334	3948	3949
3782	3950	3949
3338	3951	3952
3784	3953	3952
3342	3954	3955
3786	3956	3955
3346	3957	3958
3788	3959	3958
3333	3960	3961
3781	3962	3961
3337	3963	3964
3783	3965	3964
3341	3966	3967
3785	3968	3967
3345	3969	3970
3787	3971	3970
3349	3972	3973
3789	3974	3973
3790	3975	3976
3350	3977	3976
3792	3978	3979
3354	3980	3979
3794	3981	3982
3358	3983	3982
3796	3984	3985
3362	3986	3985
3798	3987	3988
3366	3989	3988
3791	3990	3991
3353	3992	3991
3793	3993	3994
3357	3995	3994
3795	3996	3997
3361	3998	3997
3797	3999	4000
3365	4001	4000
3799	4002	4003
3369	4004	4003
3370	4005	4006
3800	4007	4006
3374	4008	4009
3802	4010	4009
3378	4011	4012
3804	4013	4012
3382	4014	4015
3806	4016	4015
3386	4017	4018
3808	4019	4018
3373	4020	4021
3801	4022	4021
3377	4023	4024
3803	4025	4024
3381	4026	4027
3805	4028	4027
3385	4029	4030
3807	4031	4030
3389	4032	4033
3809	4034	4033
3810	4035	4036
3390	4037	4036
3812	4038	4039
3394	4040	4039
3814	4041	4042
3398	4043	4042
3816	4044	4045
3402	4046	4045
3818	4047	4048
3406	4049	4048
3811	4050	4051
3393	4052	4051
3813	4053	4054
3397	4055	4054
3815	4056	4057
3401	4058	4057
3817	4059	4060
3405	4061	4060
3819	4062	4063
3409	4064	4063
3410	4065	4066
3820	4067	4066
3414	4068	4069
3822	4070	4069
3418	4071	4072
3824	4073	4072
3422	4074	4075
3826	4076	4075
3426	4077	4078
3828	4079	4078
3413	4080	4081
3821	4082	4081
3417	4083	4084
3823	4085	4084
3421	4086	4087
3825	4088	4087
3425	4089	4090
3827	4091	4090
3429	4092	4093
3829	4094	4093
3830	4095	4096
3430	4097	4096
3832	4098	4099
3434	4100	4099
3834	4101	4102
3438	4103	4102
3836	4104	4105
3442	4106	4105
3838	4107	4108
3446	4109	4108
3831	4110	4111
3433	4112	4111
3833	4113	4114
3437	4115	4114
3835	4116	4117
3441	4118	4117
3837	4119	4120
3445	4121	4120
3839	4122	4123
3449	4124	4123
1782	4125	4126
2621	4127	4126
2993	4128	4129
2623	4130	4129
2995	4131	4132
2625	4133	4132
2997	4134	4135
2627	4136	4135
2999	4137	4138
2629	4139	4138
3450	4140
3452	4141
3453	4142
3455	4143
3456	4144
3458	4145
3459	4146
3461	4147
3462	4148
3464	4149
3465	4150
3467	4151
3468	4152
3470	4153
3471	4154
3473	4155
3474	4156
3476	4157
3477	4158
3479	4159
3480	4160
3482	4161
3483	4162
3485	4163
3486	4164
3488	4165
3489	4166
3491	4167
3492	4168
3494	4169
3495	4170
3497	4171
3498	4172
3500	4173
3501	4174
3503	4175
3504	4176
3506	4177
3507	4178
3509	4179
3510	4180
3512	4181
3513	4182
3515	4183
3516	4184
3518	4185
3519	4186
3521	4187
3522	4188
3524	4189
3525	4190
3527	4191
3528	4192
3530	4193
3531	4194
3533	4195
3534	4196
3536	4197
3537	4198
3539	4199
3540	4200
3542	4201
3543	4202
3545	4203
3546	4204
3548	4205
3549	4206
3551	4207
3552	4208
3554	4209
3555	4210
3557	4211
3558	4212
3560	4213
3561	4214
3563	4215
3564	4216
3566	4217
3567	4218
3569	4219
3570	4220
3572	4221
3573	4222
3575	4223
3576	4224
3578	4225
3579	4226
3581	4227
3582	4228
3584	4229
3585	4230
3587	4231
3588	4232
3590	4233
3591	4234
3593	4235
3594	4236
3596	4237
3597	4238
3599	4239
3600	4240
3602	4241
3603	4242
3605	4243
3606	4244
3608	4245
3609	4246
3611	4247
3612	4248
3614	4249
3615	4250
3617	4251
3618	4252
3620	4253
3621	4254
3623	4255
3624	4256
3626	4257
3627	4258
3629	4259
3630	4260
3632	4261
3633	4262
3635	4263
3636	4264
3638	4265
3639	4266
3641	4267
3642	4268
3644	4269
3645	4270
3647	4271
3648	4272
3650	4273
3651	4274
3653	4275
3654	4276
3656	4277
3657	4278
3659	4279
3660	4280
3662	4281
3663	4282
3665	4283
3666	4284
3668	4285
3669	4286
3671	4287
3672	4288
3674	4289
3675	4290
3677	4291
3678	4292
3680	4293
3681	4294
3683	4295
3684	4296
3686	4297
3687	4298
3689	4299
3690	4300
3692	4301
3693	4302
3695	4303
3696	4304
3698	4305
3699	4306
3701	4307
3702	4308
3704	4309
3705	4310
3707	4311
3708	4312
3710	4313
3711	4314
3713	4315
3714	4316
3716	4317
3717	4318
3719	4319
3720	4320
3722	4321
3723	4322
3725	4323
3726	4324
3728	4325
3729	4326
3731	4327
3732	4328
3734	4329
3735	4330
3737	4331
3738	4332
3740	4333
3741	4334
3743	4335
3744	4336
3746	4337
3747	4338
3749	4339
4140	4340
3855	4341
4160	4342
3885	4343
4180	4344
3915	4345
4200	4346
3945	4347
4220	4348
3975	4349
4240	4350
4005	4351
4260	4352
4035	4353
4280	4354
4065	4355
4300	4356
4095	4357
4320	4358
4125	4359
4141	4360
3857	4361
4161	4362
3887	4363
4181	4364
3917	4365
4201	4366
3947	4367
4221	4368
3977	4369
4241	4370
4007	4371
4261	4372
4037	4373
4281	4374
4067	4375
4301	4376
4097	4377
4321	4378
4127	4379
3840	4380
4150	4381
3870	4382
4170	4383
3900	4384
4190	4385
3930	4386
4210	4387
3960	4388
4230	4389
3990	4390
4250	4391
4020	4392
4270	4393
4050	4394
4290	4395
4080	4396
4310	4397
4110	4398
4330	4399
3842	4400
4151	4401
3872	4402
4171	4403
3902	4404
4191	4405
3932	4406
4211	4407
3962	4408
4231	4409
3992	4410
4251	4411
4022	4412
4271	4413
4052	4414
4291	4415
4082	4416
4311	4417
4112	4418
4331	4419
4142	4420
3858	4421
4162	4422
3888	4423
4182	4424
3918	4425
4202	4426
3948	4427
4222	4428
3978	4429
4242	4430
4008	4431
4262	4432
4038	4433
4282	4434
4068	4435
4302	4436
4098	4437
4322	4438
4128	4439
4143	4440
3860	4441
4163	4442
3890	4443
4183	4444
3920	4445
4203	4446
3950	4447
4223	4448
3980	4449
4243	4450
4010	4451
4263	4452
4040	4453
4283	4454
4070	4455
4303	4456
4100	4457
4323	4458
4130	4459
3843	4460
4152	4461
3873	4462
4172	4463
3903	4464
4192	4465
3933	4466
4212	4467
3963	4468
4232	4469
3993	4470
4252	4471
4023	4472
4272	4473
4053	4474
4292	4475
4083	4476
4312	4477
4113	4478
4332	4479
3845	4480
4153	4481
3875	4482
4173	4483
3905	4484
4193	4485
3935	4486
4213	4487
3965	4488
4233	4489
3995	4490
4253	4491
4025	4492
4273	4493
4055	4494
4293	4495
4085	4496
4313	4497
4115	4498
4333	4499
4144	4500
3861	4501
4164	4502
3891	4503
4184	4504
3921	4505
4204	4506
3951	4507
4224	4508
3981	4509
4244	4510
4011	4511
4264	4512
4041	4513
4284	4514
4071	4515
4304	4516
4101	4517
4324	4518
4131	4519
4145	4520
3863	4521
4165	4522
3893	4523
4185	4524
3923	4525
4205	4526
3953	4527
4225	4528
3983	4529
4245	4530
4013	4531
4265	4532
4043	4533
4285	4534
4073	4535
4305	4536
4103	4537
4325	4538
4133	4539
3846	4540
4154	4541
3876	4542
4174	4543
3906	4544
4194	4545
3936	4546
4214	4547
3966	4548
4234	4549
3996	4550
4254	4551
4026	4552
4274	4553
4056	4554
4294	4555
4086	4556
4314	4557
4116	4558
4334	4559
3848	4560
4155	4561
3878	4562
4175	4563
3908	4564
4195	4565
3938	4566
4215	4567
3968	4568
4235	4569
3998	4570
4255	4571
4028	4572
4275	4573
4058	4574
4295	4575
4088	4576
4315	4577
4118	4578
4335	4579
4146	4580
3864	4581
4166	4582
3894	4583
4186	4584
3924	4585
4206	4586
3954	4587
4226	4588
3984	4589
4246	4590
4014	4591
4266	4592
4044	4593
4286	4594
4074	4595
4306	4596
4104	4597
4326	4598
4134	4599
4147	4600
3866	4601
4167	4602
3896	4603
4187	4604
3926	4605
4207	4606
3956	4607
4227	4608
3986	4609
4247	4610
4016	4611
4267	4612
4046	4613
4287	4614
4076	4615
4307	4616
4106	4617
4327	4618
4136	4619
3849	4620
4156	4621
3879	4622
4176	4623
3909	4624
4196	4625
3939	4626
4216	4627
3969	4628
4236	4629
3999	4630
4256	4631
4029	4632
4276	4633
4059	4634
4296	4635
4089	4636
4316	4637
4119	4638
4336	4639
3851	4640
4157	4641
3881	4642
4177	4643
3911	4644
4197	4645
3941	4646
4217	4647
3971	4648
4237	4649
4001	4650
4257	4651
4031	4652
4277	4653
4061	4654
4297	4655
4091	4656
4317	4657
4121	4658
4337	4659
4148	4660
3867	4661
4168	4662
3897	4663
4188	4664
3927	4665
4208	4666
3957	4667
4228	4668
3987	4669
4248	4670
4017	4671
4268	4672
4047	4673
4288	4674
4077	4675
4308	4676
4107	4677
4328	4678
4137	4679
4149	4680
3869	4681
4169	4682
3899	4683
4189	4684
3929	4685
4209	4686
3959	4687
4229	4688
3989	4689
4249	4690
4019	4691
4269	4692
4049	4693
4289	4694
4079	4695
4309	4696
4109	4697
4329	4698
4139	4699
3852	4700
4158	4701
3882	4702
4178	4703
3912	4704
4198	4705
3942	4706
4218	4707
3972	4708
4238	4709
4002	4710
4258	4711
4032	4712
4278	4713
4062	4714
4298	4715
4092	4716
4318	4717
4122	4718
4338	4719
3854	4720
4159	4721
3884	4722
4179	4723
3914	4724
4199	4725
3944	4726
4219	4727
3974	4728
4239	4729
4004	4730
4259	4731
4034	4732
4279	4733
4064	4734
4299	4735
4094	4736
4319	4737
4124	4738
4339	4739
4340
4341
4342
4343
4344
4345
4346
4347
4348
4349
4350
4351
4352
4353
4354
4355
4356
4357
4358
4359
4360
4361
4362
4363
4364
4365
4366
4367
4368
4369
4370
4371
4372
4373
4374
4375
4376
4377
4378
4379
4380
4381
4382
4383
4384
4385
4386
4387
4388
4389
4390
4391
4392
4393
4394
4395
4396
4397
4398
4399
4400
4401
4402
4403
4404
4405
4406
4407
4408
4409
4410
4411
4412
4413
4414
4415
4416
4417
4418
4419
4420
4421
4422
4423
4424
4425
4426
4427
4428
4429
4430
4431
4432
4433
4434
4435
4436
4437
4438
4439
4440
4441
4442
4443
4444
4445
4446
4447
4448
4449
4450
4451
4452
4453
4454
4455
4456
4457
4458
4459
4460
4461
4462
4463
4464
4465
4466
4467
4468
4469
4470
4471
4472
4473
4474
4475
4476
4477
4478
4479
4480
4481
4482
4483
4484
4485
4486
4487
4488
4489
4490
4491
4492
4493
4494
4495
4496
4497
4498
4499
4500
4501
4502
4503
4504
4505
4506
4507
4508
4509
4510
4511
4512
4513
4514
4515
4516
4517
4518
4519
4520
4521
4522
4523
4524
4525
4526
4527
4528
4529
4530
4531
4532
4533
4534
4535
4536
4537
4538
4539
4540
4541
4542
4543
4544
4545
4546
4547
4548
4549
4550
4551
4552
4553
4554
4555
4556
4557
4558
4559
4560
4561
4562
4563
4564
4565
4566
4567
4568
4569
4570
4571
4572
4573
4574
4575
4576
4577
4578
4579
4580
4581
4582
4583
4584
4585
4586
4587
4588
4589
4590
4591
4592
4593
4594
4595
4596
4597
4598
4599
4600
4601
4602
4603
4604
4605
4606
4607
4608
4609
4610
4611
4612
4613
4614
4615
4616
4617
4618
4619
4620
4621
4622
4623
4624
4625
4626
4627
4628
4629
4630
4631
4632
4633
4634
4635
4636
4637
4638
4639
4640
4641
4642
4643
4644
4645
4646
4647
4648
4649
4650
4651
4652
4653
4654
4655
4656
4657
4658
4659
4660
4661
4662
4663
4664
4665
4666
4667
4668
4669
4670
4671
4672
4673
4674
4675
4676
4677
4678
4679
4680
4681
4682
4683
4684
4685
4686
4687
4688
4689
4690
4691
4692
4693
4694
4695
4696
4697
4698
4699
4700
4701
4702
4703
4704
4705
4706
4707
4708
4709
4710
4711
4712
4713
4714
4715
4716
4717
4718
4719
4720
4721
4722
4723
4724
4725
4726
4727
4728
4729
4730
4731
4732
4733
4734
4735
4736
4737
4738
4739
