1
2
3
4
5
6
7
8
9
10
11
12
13
14
15
16
17
18
19
20
21
22
23
24
25
26
27
28
29
30
31
32
33
34
35
36
37
38
39
40
41
42
43
44
45
46
47
48
49
50
51
52
53
54
55
56
57
58
59
60
61
62
63
64
65
66
67
68
69
70
71
72
73
74
75
76
77
78
79
80
81
82
83
84
85
86
87
88
89
90
91
92
93
94
95
96
97
98
99
100
101
102
103
104
105
106
107
108
109
110
111
112
113
114
115
116
117
118
119
120
121
122
123
124
125
126
127
128
129
130
131
132
133
134
135
136
137
138
139
140
141
142
143
144
145
146
147
148
149
150
151
152
153
154
155
156
157
158
159
160
161
162
163
164
165
166
167
168
169
170
171
172
173
174
175
176
177
178
179
180
181
182
183
184
185
186
187
188
189
190
191
192
193
194
195
196
1	197
2	198
3	199
4	200
5	201
6	202
7	203
8	204
9	205
10	206
11	207
12	208
13	209
14	210
15	211
16	212
17	213
18	214
19	215
20	216
21	217
22	218
23	219
24	220
25	221
26	222
27	223
28	224
29	225
30	226
31	227
32	228
33	229
34	230
35	231
36	232
37	233
38	234
39	235
40	236
41	237
42	238
43	239
44	240
45	241
46	242
47	243
48	244
49	245
50	246
51	247
52	248
53	249
54	250
55	251
56	252
57	253
58	254
59	255
60	256
61	257
62	258
63	259
64	260
65	261
66	262
67	263
68	264
69	265
70	266
71	267
72	268
73	269
74	270
75	271
76	272
77	273
78	274
79	275
80	276
81	277
82	278
83	279
84	280
85	281
86	282
87	283
88	284
89	285
90	286
91	287
92	288
93	289
94	290
95	291
96	292
97	293
98	294
99	295
100	296
101	297
102	298
103	299
104	300
105	301
106	302
107	303
108	304
109	305
110	306
111	307
112	308
113	309
114	310
115	311
116	312
117	313
118	314
119	315
120	316
121	317
122	318
123	319
124	320
125	321
126	322
127	323
128	324
129	325
130	326
131	327
132	328
133	329
134	330
135	331
136	332
137	333
138	334
139	335
140	336
141	337
142	338
143	339
144	340
145	341
146	342
147	343
148	344
149	345
150	346
151	347
152	348
153	349
154	350
155	351
156	352
157	353
158	354
159	355
160	356
161	357
162	358
163	359
164	360
165	361
166	362
167	363
168	364
169	365
170	366
171	367
172	368
173	369
174	370
175	371
176	372
177	373
178	374
179	375
180	376
181	377
182	378
183	379
184	380
185	381
186	382
187	383
188	384
189	385
190	386
191	387
192	388
193	389
194	390
195	391
196	392
211	393	394
212	395	394
239	396	397
240	398	397
267	399	400
268	401	400
295	402	403
296	404	403
323	405	406
324	407	406
351	408	409
352	410	409
379	411	412
380	413	412
199	414	415
200	416	415
227	417	418
228	419	418
255	420	421
256	422	421
283	423	424
284	425	424
311	426	427
312	428	427
339	429	430
340	431	430
367	432	433
368	434	433
215	435	436
216	437	436
243	438	439
244	440	439
271	441	442
272	443	442
299	444	445
300	446	445
327	447	448
328	449	448
355	450	451
356	452	451
383	453	454
384	455	454
203	456	457
204	458	457
231	459	460
232	461	460
259	462	463
260	464	463
287	465	466
288	467	466
315	468	469
316	470	469
343	471	472
344	473	472
371	474	475
372	476	475
219	477	478
220	479	478
247	480	481
248	482	481
275	483	484
276	485	484
303	486	487
304	488	487
331	489	490
332	491	490
359	492	493
360	494	493
387	495	496
388	497	496
207	498	499
208	500	499
235	501	502
236	503	502
263	504	505
264	506	505
291	507	508
292	509	508
319	510	511
320	512	511
347	513	514
348	515	514
375	516	517
376	518	517
223	519	520
224	521	520
251	522	523
252	524	523
279	525	526
280	527	526
307	528	529
308	530	529
335	531	532
336	533	532
363	534	535
364	536	535
391	537	538
392	539	538
197	540
198	541
201	542
202	543
205	544
206	545
209	546
210	547
213	548
214	549
217	550
218	551
221	552
222	553
225	554
226	555
229	556
230	557
233	558
234	559
237	560
238	561
241	562
242	563
245	564
246	565
249	566
250	567
253	568
254	569
257	570
258	571
261	572
262	573
265	574
266	575
269	576
270	577
273	578
274	579
277	580
278	581
281	582
282	583
285	584
286	585
289	586
290	587
293	588
294	589
297	590
298	591
301	592
302	593
305	594
306	595
309	596
310	597
313	598
314	599
317	600
318	601
321	602
322	603
325	604
326	605
329	606
330	607
333	608
334	609
337	610
338	611
341	612
342	613
345	614
346	615
349	616
350	617
353	618
354	619
357	620
358	621
361	622
362	623
365	624
366	625
369	626
370	627
373	628
374	629
377	630
378	631
381	632
382	633
385	634
386	635
389	636
390	637
540	638	639
541	640	639
554	641	642
555	643	642
568	644	645
569	646	645
582	647	648
583	649	648
596	650	651
597	652	651
610	653	654
611	655	654
624	656	657
625	658	657
548	659	660
549	661	660
562	662	663
563	664	663
576	665	666
577	667	666
590	668	669
591	670	669
604	671	672
605	673	672
618	674	675
619	676	675
632	677	678
633	679	678
542	680	681
543	682	681
556	683	684
557	685	684
570	686	687
571	688	687
584	689	690
585	691	690
598	692	693
599	694	693
612	695	696
613	697	696
626	698	699
627	700	699
550	701	702
551	703	702
564	704	705
565	706	705
578	707	708
579	709	708
592	710	711
593	712	711
606	713	714
607	715	714
620	716	717
621	718	717
634	719	720
635	721	720
544	722	723
545	724	723
558	725	726
559	727	726
572	728	729
573	730	729
586	731	732
587	733	732
600	734	735
601	736	735
614	737	738
615	739	738
628	740	741
629	742	741
552	743	744
553	745	744
566	746	747
567	748	747
580	749	750
581	751	750
594	752	753
595	754	753
608	755	756
609	757	756
622	758	759
623	760	759
636	761	762
637	763	762
546	764	765
547	766	765
560	767	768
561	769	768
574	770	771
575	772	771
588	773	774
589	775	774
602	776	777
603	778	777
616	779	780
617	781	780
630	782	783
631	784	783
393	785
395	786
396	787
398	788
399	789
401	790
402	791
404	792
405	793
407	794
408	795
410	796
411	797
413	798
414	799
416	800
417	801
419	802
420	803
422	804
423	805
425	806
426	807
428	808
429	809
431	810
432	811
434	812
435	813
437	814
438	815
440	816
441	817
443	818
444	819
446	820
447	821
449	822
450	823
452	824
453	825
455	826
456	827
458	828
459	829
461	830
462	831
464	832
465	833
467	834
468	835
470	836
471	837
473	838
474	839
476	840
477	841
479	842
480	843
482	844
483	845
485	846
486	847
488	848
489	849
491	850
492	851
494	852
495	853
497	854
498	855
500	856
501	857
503	858
504	859
506	860
507	861
509	862
510	863
512	864
513	865
515	866
516	867
518	868
519	869
521	870
522	871
524	872
525	873
527	874
528	875
530	876
531	877
533	878
534	879
536	880
537	881
539	882
787	883	884
644	885	884
791	886	887
650	888	887
795	889	890
656	891	890
786	892	893
643	894	893
790	895	896
649	897	896
794	898	899
655	900	899
662	901	902
803	903	902
668	904	905
807	906	905
674	907	908
811	909	908
661	910	911
802	912	911
667	913	914
806	915	914
673	916	917
810	918	917
815	919	920
686	921	920
819	922	923
692	924	923
823	925	926
698	927	926
814	928	929
685	930	929
818	931	932
691	933	932
822	934	935
697	936	935
704	937	938
831	939	938
710	940	941
835	942	941
716	943	944
839	945	944
703	946	947
830	948	947
709	949	950
834	951	950
715	952	953
838	954	953
843	955	956
728	957	956
847	958	959
734	960	959
851	961	962
740	963	962
842	964	965
727	966	965
846	967	968
733	969	968
850	970	971
739	972	971
746	973	974
859	975	974
752	976	977
863	978	977
758	979	980
867	981	980
745	982	983
858	984	983
751	985	986
862	987	986
757	988	989
866	990	989
871	991	992
770	993	992
875	994	995
776	996	995
879	997	998
782	999	998
870	1000	1001
769	1002	1001
874	1003	1004
775	1005	1004
878	1006	1007
781	1008	1007
638	1009
640	1010
641	1011
646	1012
647	1013
652	1014
653	1015
658	1016
659	1017
664	1018
665	1019
670	1020
671	1021
676	1022
677	1023
679	1024
680	1025
682	1026
683	1027
688	1028
689	1029
694	1030
695	1031
700	1032
701	1033
706	1034
707	1035
712	1036
713	1037
718	1038
719	1039
721	1040
722	1041
724	1042
725	1043
730	1044
731	1045
736	1046
737	1047
742	1048
743	1049
748	1050
749	1051
754	1052
755	1053
760	1054
761	1055
763	1056
764	1057
766	1058
767	1059
772	1060
773	1061
778	1062
779	1063
784	1064
1009	1065
1010	1066
799	1067
800	1068
1025	1069
1026	1070
827	1071
828	1072
1041	1073
1042	1074
855	1075
856	1076
1057	1077
1058	1078
785	1079
892	1080
1017	1081
910	1082
813	1083
928	1084
1033	1085
946	1086
841	1087
964	1088
1049	1089
982	1090
869	1091
1000	1092
1011	1093
894	1094
801	1095
912	1096
1027	1097
930	1098
829	1099
948	1100
1043	1101
966	1102
857	1103
984	1104
1059	1105
1002	1106
883	1107
788	1108
901	1109
1018	1110
919	1111
816	1112
937	1113
1034	1114
955	1115
844	1116
973	1117
1050	1118
991	1119
872	1120
885	1121
1012	1122
903	1123
804	1124
921	1125
1028	1126
939	1127
832	1128
957	1129
1044	1130
975	1131
860	1132
993	1133
1060	1134
789	1135
895	1136
1019	1137
913	1138
817	1139
931	1140
1035	1141
949	1142
845	1143
967	1144
1051	1145
985	1146
873	1147
1003	1148
1013	1149
897	1150
805	1151
915	1152
1029	1153
933	1154
833	1155
951	1156
1045	1157
969	1158
861	1159
987	1160
1061	1161
1005	1162
886	1163
792	1164
904	1165
1020	1166
922	1167
820	1168
940	1169
1036	1170
958	1171
848	1172
976	1173
1052	1174
994	1175
876	1176
888	1177
1014	1178
906	1179
808	1180
924	1181
1030	1182
942	1183
836	1184
960	1185
1046	1186
978	1187
864	1188
996	1189
1062	1190
793	1191
898	1192
1021	1193
916	1194
821	1195
934	1196
1037	1197
952	1198
849	1199
970	1200
1053	1201
988	1202
877	1203
1006	1204
1015	1205
900	1206
809	1207
918	1208
1031	1209
936	1210
837	1211
954	1212
1047	1213
972	1214
865	1215
990	1216
1063	1217
1008	1218
889	1219
796	1220
907	1221
1022	1222
925	1223
824	1224
943	1225
1038	1226
961	1227
852	1228
979	1229
1054	1230
997	1231
880	1232
891	1233
1016	1234
909	1235
812	1236
927	1237
1032	1238
945	1239
840	1240
963	1241
1048	1242
981	1243
868	1244
999	1245
1064	1246
797	1247
798	1248
1023	1249
1024	1250
825	1251
826	1252
1039	1253
1040	1254
853	1255
854	1256
1055	1257
1056	1258
881	1259
882	1260
1065
1066
1067
1068
1069
1070
1071
1072
1073
1074
1075
1076
1077
1078
1079
1080
1081
1082
1083
1084
1085
1086
1087
1088
1089
1090
1091
1092
1093
1094
1095
1096
1097
1098
1099
1100
1101
1102
1103
1104
1105
1106
1107
1108
1109
1110
1111
1112
1113
1114
1115
1116
1117
1118
1119
1120
1121
1122
1123
1124
1125
1126
1127
1128
1129
1130
1131
1132
1133
1134
1135
1136
1137
1138
1139
1140
1141
1142
1143
1144
1145
1146
1147
1148
1149
1150
1151
1152
1153
1154
1155
1156
1157
1158
1159
1160
1161
1162
1163
1164
1165
1166
1167
1168
1169
1170
1171
1172
1173
1174
1175
1176
1177
1178
1179
1180
1181
1182
1183
1184
1185
1186
1187
1188
1189
1190
1191
1192
1193
1194
1195
1196
1197
1198
1199
1200
1201
1202
1203
1204
1205
1206
1207
1208
1209
1210
1211
1212
1213
1214
1215
1216
1217
1218
1219
1220
1221
1222
1223
1224
1225
1226
1227
1228
1229
1230
1231
1232
1233
1234
1235
1236
1237
1238
1239
1240
1241
1242
1243
1244
1245
1246
1247
1248
1249
1250
1251
1252
1253
1254
1255
1256
1257
1258
1259
1260
