1
2
3
4
5
6
7
8
9
10
11
12
13
14
15
16
17
18
19
20
21
22
23
24
25
26
27
28
29
30
31
32
33
34
35
36
37
38
39
40
41
42
43
44
45
46
47
48
49
50
51
52
53
54
55
56
57
58
59
60
61
62
63
64
65
66
67
68
69
70
71
72
73
74
75
76
77
78
79
80
81
82
83
84
85
86
87
88
89
90
91
92
93
94
95
96
97
98
99
100
101
102
103
104
105
106
107
108
109
110
111
112
113
114
115
116
117
118
119
120
121
122
123
124
125
126
127
128
129
130
131
132
133
134
135
136
137
138
139
140
141
142
143
144
145
146
147
148
149
150
151
152
153
154
155
156
157
158
159
160
161
162
163
164
165
166
167
168
169
170
171
172
173
174
175
176
177
178
179
180
181
182
183
184
185
186
187
188
189
190
191
192
193
194
195
196
197
198
199
200
201
202
203
204
205
206
207
208
209
210
211
212
213
214
215
216
217
218
219
220
221
222
223
224
225
226
227
228
229
230
231
232
233
234
235
236
237
238
239
240
241
242
243
244
245
246
247
248
249
250
251
252
253
254
255
256
257
258
259
260
261
262
263
264
265
266
267
268
269
270
271
272
273
274
275
276
277
278
279
280
281
282
283
284
285
286
287
288
289
290
291
292
293
294
295
296
297
298
299
300
301
302
303
304
305
306
307
308
309
310
311
312
313
314
315
316
317
318
319
320
321
322
323
324
325
326
327
328
329
330
331
332
333
334
335
336
337
338
339
340
341
342
343
344
345
346
347
348
349
350
351
352
353
354
355
356
357
358
359
360
361
362
363
364
365
366
367
368
369
370
371
372
373
374
375
376
377
378
379
380
381
382
383
384
385
386
387
388
389
390
391
392
393
394
395
396
397
398
399
400
1	401
2	402
3	403
4	404
5	405
6	406
7	407
8	408
9	409
10	410
11	411
12	412
13	413
14	414
15	415
16	416
17	417
18	418
19	419
20	420
21	421
22	422
23	423
24	424
25	425
26	426
27	427
28	428
29	429
30	430
31	431
32	432
33	433
34	434
35	435
36	436
37	437
38	438
39	439
40	440
41	441
42	442
43	443
44	444
45	445
46	446
47	447
48	448
49	449
50	450
51	451
52	452
53	453
54	454
55	455
56	456
57	457
58	458
59	459
60	460
61	461
62	462
63	463
64	464
65	465
66	466
67	467
68	468
69	469
70	470
71	471
72	472
73	473
74	474
75	475
76	476
77	477
78	478
79	479
80	480
81	481
82	482
83	483
84	484
85	485
86	486
87	487
88	488
89	489
90	490
91	491
92	492
93	493
94	494
95	495
96	496
97	497
98	498
99	499
100	500
101	501
102	502
103	503
104	504
105	505
106	506
107	507
108	508
109	509
110	510
111	511
112	512
113	513
114	514
115	515
116	516
117	517
118	518
119	519
120	520
121	521
122	522
123	523
124	524
125	525
126	526
127	527
128	528
129	529
130	530
131	531
132	532
133	533
134	534
135	535
136	536
137	537
138	538
139	539
140	540
141	541
142	542
143	543
144	544
145	545
146	546
147	547
148	548
149	549
150	550
151	551
152	552
153	553
154	554
155	555
156	556
157	557
158	558
159	559
160	560
161	561
162	562
163	563
164	564
165	565
166	566
167	567
168	568
169	569
170	570
171	571
172	572
173	573
174	574
175	575
176	576
177	577
178	578
179	579
180	580
181	581
182	582
183	583
184	584
185	585
186	586
187	587
188	588
189	589
190	590
191	591
192	592
193	593
194	594
195	595
196	596
197	597
198	598
199	599
200	600
201	601
202	602
203	603
204	604
205	605
206	606
207	607
208	608
209	609
210	610
211	611
212	612
213	613
214	614
215	615
216	616
217	617
218	618
219	619
220	620
221	621
222	622
223	623
224	624
225	625
226	626
227	627
228	628
229	629
230	630
231	631
232	632
233	633
234	634
235	635
236	636
237	637
238	638
239	639
240	640
241	641
242	642
243	643
244	644
245	645
246	646
247	647
248	648
249	649
250	650
251	651
252	652
253	653
254	654
255	655
256	656
257	657
258	658
259	659
260	660
261	661
262	662
263	663
264	664
265	665
266	666
267	667
268	668
269	669
270	670
271	671
272	672
273	673
274	674
275	675
276	676
277	677
278	678
279	679
280	680
281	681
282	682
283	683
284	684
285	685
286	686
287	687
288	688
289	689
290	690
291	691
292	692
293	693
294	694
295	695
296	696
297	697
298	698
299	699
300	700
301	701
302	702
303	703
304	704
305	705
306	706
307	707
308	708
309	709
310	710
311	711
312	712
313	713
314	714
315	715
316	716
317	717
318	718
319	719
320	720
321	721
322	722
323	723
324	724
325	725
326	726
327	727
328	728
329	729
330	730
331	731
332	732
333	733
334	734
335	735
336	736
337	737
338	738
339	739
340	740
341	741
342	742
343	743
344	744
345	745
346	746
347	747
348	748
349	749
350	750
351	751
352	752
353	753
354	754
355	755
356	756
357	757
358	758
359	759
360	760
361	761
362	762
363	763
364	764
365	765
366	766
367	767
368	768
369	769
370	770
371	771
372	772
373	773
374	774
375	775
376	776
377	777
378	778
379	779
380	780
381	781
382	782
383	783
384	784
385	785
386	786
387	787
388	788
389	789
390	790
391	791
392	792
393	793
394	794
395	795
396	796
397	797
398	798
399	799
400	800
421	801	802
422	803	802
461	804	805
462	806	805
501	807	808
502	809	808
541	810	811
542	812	811
581	813	814
582	815	814
621	816	817
622	818	817
661	819	820
662	821	820
701	822	823
702	824	823
741	825	826
742	827	826
781	828	829
782	830	829
403	831	832
404	833	832
443	834	835
444	836	835
483	837	838
484	839	838
523	840	841
524	842	841
563	843	844
564	845	844
603	846	847
604	848	847
643	849	850
644	851	850
683	852	853
684	854	853
723	855	856
724	857	856
763	858	859
764	860	859
425	861	862
426	863	862
465	864	865
466	866	865
505	867	868
506	869	868
545	870	871
546	872	871
585	873	874
586	875	874
625	876	877
626	878	877
665	879	880
666	881	880
705	882	883
706	884	883
745	885	886
746	887	886
785	888	889
786	890	889
407	891	892
408	893	892
447	894	895
448	896	895
487	897	898
488	899	898
527	900	901
528	902	901
567	903	904
568	905	904
607	906	907
608	908	907
647	909	910
648	911	910
687	912	913
688	914	913
727	915	916
728	917	916
767	918	919
768	920	919
429	921	922
430	923	922
469	924	925
470	926	925
509	927	928
510	929	928
549	930	931
550	932	931
589	933	934
590	935	934
629	936	937
630	938	937
669	939	940
670	941	940
709	942	943
710	944	943
749	945	946
750	947	946
789	948	949
790	950	949
411	951	952
412	953	952
451	954	955
452	956	955
491	957	958
492	959	958
531	960	961
532	962	961
571	963	964
572	965	964
611	966	967
612	968	967
651	969	970
652	971	970
691	972	973
692	974	973
731	975	976
732	977	976
771	978	979
772	980	979
433	981	982
434	983	982
473	984	985
474	986	985
513	987	988
514	989	988
553	990	991
554	992	991
593	993	994
594	995	994
633	996	997
634	998	997
673	999	1000
674	1001	1000
713	1002	1003
714	1004	1003
753	1005	1006
754	1007	1006
793	1008	1009
794	1010	1009
415	1011	1012
416	1013	1012
455	1014	1015
456	1016	1015
495	1017	1018
496	1019	1018
535	1020	1021
536	1022	1021
575	1023	1024
576	1025	1024
615	1026	1027
616	1028	1027
655	1029	1030
656	1031	1030
695	1032	1033
696	1034	1033
735	1035	1036
736	1037	1036
775	1038	1039
776	1040	1039
437	1041	1042
438	1043	1042
477	1044	1045
478	1046	1045
517	1047	1048
518	1049	1048
557	1050	1051
558	1052	1051
597	1053	1054
598	1055	1054
637	1056	1057
638	1058	1057
677	1059	1060
678	1061	1060
717	1062	1063
718	1064	1063
757	1065	1066
758	1067	1066
797	1068	1069
798	1070	1069
419	1071	1072
420	1073	1072
459	1074	1075
460	1076	1075
499	1077	1078
500	1079	1078
539	1080	1081
540	1082	1081
579	1083	1084
580	1085	1084
619	1086	1087
620	1088	1087
659	1089	1090
660	1091	1090
699	1092	1093
700	1094	1093
739	1095	1096
740	1097	1096
779	1098	1099
780	1100	1099
401	1101
402	1102
405	1103
406	1104
409	1105
410	1106
413	1107
414	1108
417	1109
418	1110
423	1111
424	1112
427	1113
428	1114
431	1115
432	1116
435	1117
436	1118
439	1119
440	1120
441	1121
442	1122
445	1123
446	1124
449	1125
450	1126
453	1127
454	1128
457	1129
458	1130
463	1131
464	1132
467	1133
468	1134
471	1135
472	1136
475	1137
476	1138
479	1139
480	1140
481	1141
482	1142
485	1143
486	1144
489	1145
490	1146
493	1147
494	1148
497	1149
498	1150
503	1151
504	1152
507	1153
508	1154
511	1155
512	1156
515	1157
516	1158
519	1159
520	1160
521	1161
522	1162
525	1163
526	1164
529	1165
530	1166
533	1167
534	1168
537	1169
538	1170
543	1171
544	1172
547	1173
548	1174
551	1175
552	1176
555	1177
556	1178
559	1179
560	1180
561	1181
562	1182
565	1183
566	1184
569	1185
570	1186
573	1187
574	1188
577	1189
578	1190
583	1191
584	1192
587	1193
588	1194
591	1195
592	1196
595	1197
596	1198
599	1199
600	1200
601	1201
602	1202
605	1203
606	1204
609	1205
610	1206
613	1207
614	1208
617	1209
618	1210
623	1211
624	1212
627	1213
628	1214
631	1215
632	1216
635	1217
636	1218
639	1219
640	1220
641	1221
642	1222
645	1223
646	1224
649	1225
650	1226
653	1227
654	1228
657	1229
658	1230
663	1231
664	1232
667	1233
668	1234
671	1235
672	1236
675	1237
676	1238
679	1239
680	1240
681	1241
682	1242
685	1243
686	1244
689	1245
690	1246
693	1247
694	1248
697	1249
698	1250
703	1251
704	1252
707	1253
708	1254
711	1255
712	1256
715	1257
716	1258
719	1259
720	1260
721	1261
722	1262
725	1263
726	1264
729	1265
730	1266
733	1267
734	1268
737	1269
738	1270
743	1271
744	1272
747	1273
748	1274
751	1275
752	1276
755	1277
756	1278
759	1279
760	1280
761	1281
762	1282
765	1283
766	1284
769	1285
770	1286
773	1287
774	1288
777	1289
778	1290
783	1291
784	1292
787	1293
788	1294
791	1295
792	1296
795	1297
796	1298
799	1299
800	1300
1101	1301	1302
1102	1303	1302
1121	1304	1305
1122	1306	1305
1141	1307	1308
1142	1309	1308
1161	1310	1311
1162	1312	1311
1181	1313	1314
1182	1315	1314
1201	1316	1317
1202	1318	1317
1221	1319	1320
1222	1321	1320
1241	1322	1323
1242	1324	1323
1261	1325	1326
1262	1327	1326
1281	1328	1329
1282	1330	1329
1111	1331	1332
1112	1333	1332
1131	1334	1335
1132	1336	1335
1151	1337	1338
1152	1339	1338
1171	1340	1341
1172	1342	1341
1191	1343	1344
1192	1345	1344
1211	1346	1347
1212	1348	1347
1231	1349	1350
1232	1351	1350
1251	1352	1353
1252	1354	1353
1271	1355	1356
1272	1357	1356
1291	1358	1359
1292	1360	1359
1103	1361	1362
1104	1363	1362
1123	1364	1365
1124	1366	1365
1143	1367	1368
1144	1369	1368
1163	1370	1371
1164	1372	1371
1183	1373	1374
1184	1375	1374
1203	1376	1377
1204	1378	1377
1223	1379	1380
1224	1381	1380
1243	1382	1383
1244	1384	1383
1263	1385	1386
1264	1387	1386
1283	1388	1389
1284	1390	1389
1113	1391	1392
1114	1393	1392
1133	1394	1395
1134	1396	1395
1153	1397	1398
1154	1399	1398
1173	1400	1401
1174	1402	1401
1193	1403	1404
1194	1405	1404
1213	1406	1407
1214	1408	1407
1233	1409	1410
1234	1411	1410
1253	1412	1413
1254	1414	1413
1273	1415	1416
1274	1417	1416
1293	1418	1419
1294	1420	1419
1105	1421	1422
1106	1423	1422
1125	1424	1425
1126	1426	1425
1145	1427	1428
1146	1429	1428
1165	1430	1431
1166	1432	1431
1185	1433	1434
1186	1435	1434
1205	1436	1437
1206	1438	1437
1225	1439	1440
1226	1441	1440
1245	1442	1443
1246	1444	1443
1265	1445	1446
1266	1447	1446
1285	1448	1449
1286	1450	1449
1115	1451	1452
1116	1453	1452
1135	1454	1455
1136	1456	1455
1155	1457	1458
1156	1459	1458
1175	1460	1461
1176	1462	1461
1195	1463	1464
1196	1465	1464
1215	1466	1467
1216	1468	1467
1235	1469	1470
1236	1471	1470
1255	1472	1473
1256	1474	1473
1275	1475	1476
1276	1477	1476
1295	1478	1479
1296	1480	1479
1107	1481	1482
1108	1483	1482
1127	1484	1485
1128	1486	1485
1147	1487	1488
1148	1489	1488
1167	1490	1491
1168	1492	1491
1187	1493	1494
1188	1495	1494
1207	1496	1497
1208	1498	1497
1227	1499	1500
1228	1501	1500
1247	1502	1503
1248	1504	1503
1267	1505	1506
1268	1507	1506
1287	1508	1509
1288	1510	1509
1117	1511	1512
1118	1513	1512
1137	1514	1515
1138	1516	1515
1157	1517	1518
1158	1519	1518
1177	1520	1521
1178	1522	1521
1197	1523	1524
1198	1525	1524
1217	1526	1527
1218	1528	1527
1237	1529	1530
1238	1531	1530
1257	1532	1533
1258	1534	1533
1277	1535	1536
1278	1537	1536
1297	1538	1539
1298	1540	1539
1109	1541	1542
1110	1543	1542
1129	1544	1545
1130	1546	1545
1149	1547	1548
1150	1549	1548
1169	1550	1551
1170	1552	1551
1189	1553	1554
1190	1555	1554
1209	1556	1557
1210	1558	1557
1229	1559	1560
1230	1561	1560
1249	1562	1563
1250	1564	1563
1269	1565	1566
1270	1567	1566
1289	1568	1569
1290	1570	1569
1119	1571	1572
1120	1573	1572
1139	1574	1575
1140	1576	1575
1159	1577	1578
1160	1579	1578
1179	1580	1581
1180	1582	1581
1199	1583	1584
1200	1585	1584
1219	1586	1587
1220	1588	1587
1239	1589	1590
1240	1591	1590
1259	1592	1593
1260	1594	1593
1279	1595	1596
1280	1597	1596
1299	1598	1599
1300	1600	1599
801	1601
803	1602
804	1603
806	1604
807	1605
809	1606
810	1607
812	1608
813	1609
815	1610
816	1611
818	1612
819	1613
821	1614
822	1615
824	1616
825	1617
827	1618
828	1619
830	1620
831	1621
833	1622
834	1623
836	1624
837	1625
839	1626
840	1627
842	1628
843	1629
845	1630
846	1631
848	1632
849	1633
851	1634
852	1635
854	1636
855	1637
857	1638
858	1639
860	1640
861	1641
863	1642
864	1643
866	1644
867	1645
869	1646
870	1647
872	1648
873	1649
875	1650
876	1651
878	1652
879	1653
881	1654
882	1655
884	1656
885	1657
887	1658
888	1659
890	1660
891	1661
893	1662
894	1663
896	1664
897	1665
899	1666
900	1667
902	1668
903	1669
905	1670
906	1671
908	1672
909	1673
911	1674
912	1675
914	1676
915	1677
917	1678
918	1679
920	1680
921	1681
923	1682
924	1683
926	1684
927	1685
929	1686
930	1687
932	1688
933	1689
935	1690
936	1691
938	1692
939	1693
941	1694
942	1695
944	1696
945	1697
947	1698
948	1699
950	1700
951	1701
953	1702
954	1703
956	1704
957	1705
959	1706
960	1707
962	1708
963	1709
965	1710
966	1711
968	1712
969	1713
971	1714
972	1715
974	1716
975	1717
977	1718
978	1719
980	1720
981	1721
983	1722
984	1723
986	1724
987	1725
989	1726
990	1727
992	1728
993	1729
995	1730
996	1731
998	1732
999	1733
1001	1734
1002	1735
1004	1736
1005	1737
1007	1738
1008	1739
1010	1740
1011	1741
1013	1742
1014	1743
1016	1744
1017	1745
1019	1746
1020	1747
1022	1748
1023	1749
1025	1750
1026	1751
1028	1752
1029	1753
1031	1754
1032	1755
1034	1756
1035	1757
1037	1758
1038	1759
1040	1760
1041	1761
1043	1762
1044	1763
1046	1764
1047	1765
1049	1766
1050	1767
1052	1768
1053	1769
1055	1770
1056	1771
1058	1772
1059	1773
1061	1774
1062	1775
1064	1776
1065	1777
1067	1778
1068	1779
1070	1780
1071	1781
1073	1782
1074	1783
1076	1784
1077	1785
1079	1786
1080	1787
1082	1788
1083	1789
1085	1790
1086	1791
1088	1792
1089	1793
1091	1794
1092	1795
1094	1796
1095	1797
1097	1798
1098	1799
1100	1800
1603	1801	1802
1307	1803	1802
1607	1804	1805
1313	1806	1805
1611	1807	1808
1319	1809	1808
1615	1810	1811
1325	1812	1811
1602	1813	1814
1306	1815	1814
1606	1816	1817
1312	1818	1817
1610	1819	1820
1318	1821	1820
1614	1822	1823
1324	1824	1823
1618	1825	1826
1330	1827	1826
1334	1828	1829
1625	1830	1829
1340	1831	1832
1629	1833	1832
1346	1834	1835
1633	1836	1835
1352	1837	1838
1637	1839	1838
1333	1840	1841
1624	1842	1841
1339	1843	1844
1628	1845	1844
1345	1846	1847
1632	1848	1847
1351	1849	1850
1636	1851	1850
1357	1852	1853
1640	1854	1853
1643	1855	1856
1367	1857	1856
1647	1858	1859
1373	1860	1859
1651	1861	1862
1379	1863	1862
1655	1864	1865
1385	1866	1865
1642	1867	1868
1366	1869	1868
1646	1870	1871
1372	1872	1871
1650	1873	1874
1378	1875	1874
1654	1876	1877
1384	1878	1877
1658	1879	1880
1390	1881	1880
1394	1882	1883
1665	1884	1883
1400	1885	1886
1669	1887	1886
1406	1888	1889
1673	1890	1889
1412	1891	1892
1677	1893	1892
1393	1894	1895
1664	1896	1895
1399	1897	1898
1668	1899	1898
1405	1900	1901
1672	1902	1901
1411	1903	1904
1676	1905	1904
1417	1906	1907
1680	1908	1907
1683	1909	1910
1427	1911	1910
1687	1912	1913
1433	1914	1913
1691	1915	1916
1439	1917	1916
1695	1918	1919
1445	1920	1919
1682	1921	1922
1426	1923	1922
1686	1924	1925
1432	1926	1925
1690	1927	1928
1438	1929	1928
1694	1930	1931
1444	1932	1931
1698	1933	1934
1450	1935	1934
1454	1936	1937
1705	1938	1937
1460	1939	1940
1709	1941	1940
1466	1942	1943
1713	1944	1943
1472	1945	1946
1717	1947	1946
1453	1948	1949
1704	1950	1949
1459	1951	1952
1708	1953	1952
1465	1954	1955
1712	1956	1955
1471	1957	1958
1716	1959	1958
1477	1960	1961
1720	1962	1961
1723	1963	1964
1487	1965	1964
1727	1966	1967
1493	1968	1967
1731	1969	1970
1499	1971	1970
1735	1972	1973
1505	1974	1973
1722	1975	1976
1486	1977	1976
1726	1978	1979
1492	1980	1979
1730	1981	1982
1498	1983	1982
1734	1984	1985
1504	1986	1985
1738	1987	1988
1510	1989	1988
1514	1990	1991
1745	1992	1991
1520	1993	1994
1749	1995	1994
1526	1996	1997
1753	1998	1997
1532	1999	2000
1757	2001	2000
1513	2002	2003
1744	2004	2003
1519	2005	2006
1748	2007	2006
1525	2008	2009
1752	2010	2009
1531	2011	2012
1756	2013	2012
1537	2014	2015
1760	2016	2015
1763	2017	2018
1547	2019	2018
1767	2020	2021
1553	2022	2021
1771	2023	2024
1559	2025	2024
1775	2026	2027
1565	2028	2027
1762	2029	2030
1546	2031	2030
1766	2032	2033
1552	2034	2033
1770	2035	2036
1558	2037	2036
1774	2038	2039
1564	2040	2039
1778	2041	2042
1570	2043	2042
1574	2044	2045
1785	2046	2045
1580	2047	2048
1789	2049	2048
1586	2050	2051
1793	2052	2051
1592	2053	2054
1797	2055	2054
1573	2056	2057
1784	2058	2057
1579	2059	2060
1788	2061	2060
1585	2062	2063
1792	2064	2063
1591	2065	2066
1796	2067	2066
1597	2068	2069
1800	2070	2069
1301	2071
1303	2072
1304	2073
1309	2074
1310	2075
1315	2076
1316	2077
1321	2078
1322	2079
1327	2080
1328	2081
1331	2082
1336	2083
1337	2084
1342	2085
1343	2086
1348	2087
1349	2088
1354	2089
1355	2090
1358	2091
1360	2092
1361	2093
1363	2094
1364	2095
1369	2096
1370	2097
1375	2098
1376	2099
1381	2100
1382	2101
1387	2102
1388	2103
1391	2104
1396	2105
1397	2106
1402	2107
1403	2108
1408	2109
1409	2110
1414	2111
1415	2112
1418	2113
1420	2114
1421	2115
1423	2116
1424	2117
1429	2118
1430	2119
1435	2120
1436	2121
1441	2122
1442	2123
1447	2124
1448	2125
1451	2126
1456	2127
1457	2128
1462	2129
1463	2130
1468	2131
1469	2132
1474	2133
1475	2134
1478	2135
1480	2136
1481	2137
1483	2138
1484	2139
1489	2140
1490	2141
1495	2142
1496	2143
1501	2144
1502	2145
1507	2146
1508	2147
1511	2148
1516	2149
1517	2150
1522	2151
1523	2152
1528	2153
1529	2154
1534	2155
1535	2156
1538	2157
1540	2158
1541	2159
1543	2160
1544	2161
1549	2162
1550	2163
1555	2164
1556	2165
1561	2166
1562	2167
1567	2168
1568	2169
1571	2170
1576	2171
1577	2172
1582	2173
1583	2174
1588	2175
1589	2176
1594	2177
1595	2178
1598	2179
1600	2180
2071	2181
2072	2182
1621	2183
1622	2184
2093	2185
2094	2186
1661	2187
1662	2188
2115	2189
2116	2190
1701	2191
1702	2192
2137	2193
2138	2194
1741	2195
1742	2196
2159	2197
2160	2198
1781	2199
1782	2200
1601	2201
1813	2202
2082	2203
1840	2204
1641	2205
1867	2206
2104	2207
1894	2208
1681	2209
1921	2210
2126	2211
1948	2212
1721	2213
1975	2214
2148	2215
2002	2216
1761	2217
2029	2218
2170	2219
2056	2220
2073	2221
1815	2222
1623	2223
1842	2224
2095	2225
1869	2226
1663	2227
1896	2228
2117	2229
1923	2230
1703	2231
1950	2232
2139	2233
1977	2234
1743	2235
2004	2236
2161	2237
2031	2238
1783	2239
2058	2240
1801	2241
1604	2242
1828	2243
2083	2244
1855	2245
1644	2246
1882	2247
2105	2248
1909	2249
1684	2250
1936	2251
2127	2252
1963	2253
1724	2254
1990	2255
2149	2256
2017	2257
1764	2258
2044	2259
2171	2260
1803	2261
2074	2262
1830	2263
1626	2264
1857	2265
2096	2266
1884	2267
1666	2268
1911	2269
2118	2270
1938	2271
1706	2272
1965	2273
2140	2274
1992	2275
1746	2276
2019	2277
2162	2278
2046	2279
1786	2280
1605	2281
1816	2282
2084	2283
1843	2284
1645	2285
1870	2286
2106	2287
1897	2288
1685	2289
1924	2290
2128	2291
1951	2292
1725	2293
1978	2294
2150	2295
2005	2296
1765	2297
2032	2298
2172	2299
2059	2300
2075	2301
1818	2302
1627	2303
1845	2304
2097	2305
1872	2306
1667	2307
1899	2308
2119	2309
1926	2310
1707	2311
1953	2312
2141	2313
1980	2314
1747	2315
2007	2316
2163	2317
2034	2318
1787	2319
2061	2320
1804	2321
1608	2322
1831	2323
2085	2324
1858	2325
1648	2326
1885	2327
2107	2328
1912	2329
1688	2330
1939	2331
2129	2332
1966	2333
1728	2334
1993	2335
2151	2336
2020	2337
1768	2338
2047	2339
2173	2340
1806	2341
2076	2342
1833	2343
1630	2344
1860	2345
2098	2346
1887	2347
1670	2348
1914	2349
2120	2350
1941	2351
1710	2352
1968	2353
2142	2354
1995	2355
1750	2356
2022	2357
2164	2358
2049	2359
1790	2360
1609	2361
1819	2362
2086	2363
1846	2364
1649	2365
1873	2366
2108	2367
1900	2368
1689	2369
1927	2370
2130	2371
1954	2372
1729	2373
1981	2374
2152	2375
2008	2376
1769	2377
2035	2378
2174	2379
2062	2380
2077	2381
1821	2382
1631	2383
1848	2384
2099	2385
1875	2386
1671	2387
1902	2388
2121	2389
1929	2390
1711	2391
1956	2392
2143	2393
1983	2394
1751	2395
2010	2396
2165	2397
2037	2398
1791	2399
2064	2400
1807	2401
1612	2402
1834	2403
2087	2404
1861	2405
1652	2406
1888	2407
2109	2408
1915	2409
1692	2410
1942	2411
2131	2412
1969	2413
1732	2414
1996	2415
2153	2416
2023	2417
1772	2418
2050	2419
2175	2420
1809	2421
2078	2422
1836	2423
1634	2424
1863	2425
2100	2426
1890	2427
1674	2428
1917	2429
2122	2430
1944	2431
1714	2432
1971	2433
2144	2434
1998	2435
1754	2436
2025	2437
2166	2438
2052	2439
1794	2440
1613	2441
1822	2442
2088	2443
1849	2444
1653	2445
1876	2446
2110	2447
1903	2448
1693	2449
1930	2450
2132	2451
1957	2452
1733	2453
1984	2454
2154	2455
2011	2456
1773	2457
2038	2458
2176	2459
2065	2460
2079	2461
1824	2462
1635	2463
1851	2464
2101	2465
1878	2466
1675	2467
1905	2468
2123	2469
1932	2470
1715	2471
1959	2472
2145	2473
1986	2474
1755	2475
2013	2476
2167	2477
2040	2478
1795	2479
2067	2480
1810	2481
1616	2482
1837	2483
2089	2484
1864	2485
1656	2486
1891	2487
2111	2488
1918	2489
1696	2490
1945	2491
2133	2492
1972	2493
1736	2494
1999	2495
2155	2496
2026	2497
1776	2498
2053	2499
2177	2500
1812	2501
2080	2502
1839	2503
1638	2504
1866	2505
2102	2506
1893	2507
1678	2508
1920	2509
2124	2510
1947	2511
1718	2512
1974	2513
2146	2514
2001	2515
1758	2516
2028	2517
2168	2518
2055	2519
1798	2520
1617	2521
1825	2522
2090	2523
1852	2524
1657	2525
1879	2526
2112	2527
1906	2528
1697	2529
1933	2530
2134	2531
1960	2532
1737	2533
1987	2534
2156	2535
2014	2536
1777	2537
2041	2538
2178	2539
2068	2540
2081	2541
1827	2542
1639	2543
1854	2544
2103	2545
1881	2546
1679	2547
1908	2548
2125	2549
1935	2550
1719	2551
1962	2552
2147	2553
1989	2554
1759	2555
2016	2556
2169	2557
2043	2558
1799	2559
2070	2560
1619	2561
1620	2562
2091	2563
2092	2564
1659	2565
1660	2566
2113	2567
2114	2568
1699	2569
1700	2570
2135	2571
2136	2572
1739	2573
1740	2574
2157	2575
2158	2576
1779	2577
1780	2578
2179	2579
2180	2580
2181
2182
2183
2184
2185
2186
2187
2188
2189
2190
2191
2192
2193
2194
2195
2196
2197
2198
2199
2200
2201
2202
2203
2204
2205
2206
2207
2208
2209
2210
2211
2212
2213
2214
2215
2216
2217
2218
2219
2220
2221
2222
2223
2224
2225
2226
2227
2228
2229
2230
2231
2232
2233
2234
2235
2236
2237
2238
2239
2240
2241
2242
2243
2244
2245
2246
2247
2248
2249
2250
2251
2252
2253
2254
2255
2256
2257
2258
2259
2260
2261
2262
2263
2264
2265
2266
2267
2268
2269
2270
2271
2272
2273
2274
2275
2276
2277
2278
2279
2280
2281
2282
2283
2284
2285
2286
2287
2288
2289
2290
2291
2292
2293
2294
2295
2296
2297
2298
2299
2300
2301
2302
2303
2304
2305
2306
2307
2308
2309
2310
2311
2312
2313
2314
2315
2316
2317
2318
2319
2320
2321
2322
2323
2324
2325
2326
2327
2328
2329
2330
2331
2332
2333
2334
2335
2336
2337
2338
2339
2340
2341
2342
2343
2344
2345
2346
2347
2348
2349
2350
2351
2352
2353
2354
2355
2356
2357
2358
2359
2360
2361
2362
2363
2364
2365
2366
2367
2368
2369
2370
2371
2372
2373
2374
2375
2376
2377
2378
2379
2380
2381
2382
2383
2384
2385
2386
2387
2388
2389
2390
2391
2392
2393
2394
2395
2396
2397
2398
2399
2400
2401
2402
2403
2404
2405
2406
2407
2408
2409
2410
2411
2412
2413
2414
2415
2416
2417
2418
2419
2420
2421
2422
2423
2424
2425
2426
2427
2428
2429
2430
2431
2432
2433
2434
2435
2436
2437
2438
2439
2440
2441
2442
2443
2444
2445
2446
2447
2448
2449
2450
2451
2452
2453
2454
2455
2456
2457
2458
2459
2460
2461
2462
2463
2464
2465
2466
2467
2468
2469
2470
2471
2472
2473
2474
2475
2476
2477
2478
2479
2480
2481
2482
2483
2484
2485
2486
2487
2488
2489
2490
2491
2492
2493
2494
2495
2496
2497
2498
2499
2500
2501
2502
2503
2504
2505
2506
2507
2508
2509
2510
2511
2512
2513
2514
2515
2516
2517
2518
2519
2520
2521
2522
2523
2524
2525
2526
2527
2528
2529
2530
2531
2532
2533
2534
2535
2536
2537
2538
2539
2540
2541
2542
2543
2544
2545
2546
2547
2548
2549
2550
2551
2552
2553
2554
2555
2556
2557
2558
2559
2560
2561
2562
2563
2564
2565
2566
2567
2568
2569
2570
2571
2572
2573
2574
2575
2576
2577
2578
2579
2580
