1
2
3
4
5
6
7
8
9
10
11
12
13
14
15
16
17
18
19
20
21
22
23
24
25
26
27
28
29
30
31
32
33
34
35
36
37
38
39
40
41
42
43
44
45
46
47
48
49
50
51
52
53
54
55
56
57
58
59
60
61
62
63
64
65
66
67
68
69
70
71
72
73
74
75
76
77
78
79
80
81
82
83
84
85
86
87
88
89
90
91
92
93
94
95
96
97
98
99
100
101
102
103
104
105
106
107
108
109
110
111
112
113
114
115
116
117
118
119
120
121
122
123
124
125
126
127
128
129
130
131
132
133
134
135
136
137
138
139
140
141
142
143
144
145
146
147
148
149
150
151
152
153
154
155
156
157
158
159
160
161
162
163
164
165
166
167
168
169
170
171
172
173
174
175
176
177
178
179
180
181
182
183
184
185
186
187
188
189
190
191
192
193
194
195
196
197
198
199
200
201
202
203
204
205
206
207
208
209
210
211
212
213
214
215
216
217
218
219
220
221
222
223
224
225
226
227
228
229
230
231
232
233
234
235
236
237
238
239
240
241
242
243
244
245
246
247
248
249
250
251
252
253
254
255
256
257
258
259
260
261
262
263
264
265
266
267
268
269
270
271
272
273
274
275
276
277
278
279
280
281
282
283
284
285
286
287
288
289
290
291
292
293
294
295
296
297
298
299
300
301
302
303
304
305
306
307
308
309
310
311
312
313
314
315
316
317
318
319
320
321
322
323
324
325
326
327
328
329
330
331
332
333
334
335
336
337
338
339
340
341
342
343
344
345
346
347
348
349
350
351
352
353
354
355
356
357
358
359
360
361
362
363
364
365
366
367
368
369
370
371
372
373
374
375
376
377
378
379
380
381
382
383
384
385
386
387
388
389
390
391
392
393
394
395
396
397
398
399
400
401
402
403
404
405
406
407
408
409
410
411
412
413
414
415
416
417
418
419
420
421
422
423
424
425
426
427
428
429
430
431
432
433
434
435
436
437
438
439
440
441
442
443
444
445
446
447
448
449
450
451
452
453
454
455
456
457
458
459
460
461
462
463
464
465
466
467
468
469
470
471
472
473
474
475
476
477
478
479
480
481
482
483
484
485
486
487
488
489
490
491
492
493
494
495
496
497
498
499
500
501
502
503
504
505
506
507
508
509
510
511
512
513
514
515
516
517
518
519
520
521
522
523
524
525
526
527
528
529
530
531
532
533
534
535
536
537
538
539
540
541
542
543
544
545
546
547
548
549
550
551
552
553
554
555
556
557
558
559
560
561
562
563
564
565
566
567
568
569
570
571
572
573
574
575
576
577
578
579
580
581
582
583
584
585
586
587
588
589
590
591
592
593
594
595
596
597
598
599
600
601
602
603
604
605
606
607
608
609
610
611
612
613
614
615
616
617
618
619
620
621
622
623
624
625
626
627
628
629
630
631
632
633
634
635
636
637
638
639
640
641
642
643
644
645
646
647
648
649
650
651
652
653
654
655
656
657
658
659
660
661
662
663
664
665
666
667
668
669
670
671
672
673
674
675
676
677
678
679
680
681
682
683
684
685
686
687
688
689
690
691
692
693
694
695
696
697
698
699
700
701
702
703
704
705
706
707
708
709
710
711
712
713
714
715
716
717
718
719
720
721
722
723
724
725
726
727
728
729
730
731
732
733
734
735
736
737
738
739
740
741
742
743
744
745
746
747
748
749
750
751
752
753
754
755
756
757
758
759
760
761
762
763
764
765
766
767
768
769
770
771
772
773
774
775
776
777
778
779
780
781
782
783
784
785
786
787
788
789
790
791
792
793
794
795
796
797
798
799
800
801
802
803
804
805
806
807
808
809
810
811
812
813
814
815
816
817
818
819
820
821
822
823
824
825
826
827
828
829
830
831
832
833
834
835
836
837
838
839
840
841
842
843
844
845
846
847
848
849
850
851
852
853
854
855
856
857
858
859
860
861
862
863
864
865
866
867
868
869
870
871
872
873
874
875
876
877
878
879
880
881
882
883
884
885
886
887
888
889
890
891
892
893
894
895
896
897
898
899
900
1	901
2	902
3	903
4	904
5	905
6	906
7	907
8	908
9	909
10	910
11	911
12	912
13	913
14	914
15	915
16	916
17	917
18	918
19	919
20	920
21	921
22	922
23	923
24	924
25	925
26	926
27	927
28	928
29	929
30	930
31	931
32	932
33	933
34	934
35	935
36	936
37	937
38	938
39	939
40	940
41	941
42	942
43	943
44	944
45	945
46	946
47	947
48	948
49	949
50	950
51	951
52	952
53	953
54	954
55	955
56	956
57	957
58	958
59	959
60	960
61	961
62	962
63	963
64	964
65	965
66	966
67	967
68	968
69	969
70	970
71	971
72	972
73	973
74	974
75	975
76	976
77	977
78	978
79	979
80	980
81	981
82	982
83	983
84	984
85	985
86	986
87	987
88	988
89	989
90	990
91	991
92	992
93	993
94	994
95	995
96	996
97	997
98	998
99	999
100	1000
101	1001
102	1002
103	1003
104	1004
105	1005
106	1006
107	1007
108	1008
109	1009
110	1010
111	1011
112	1012
113	1013
114	1014
115	1015
116	1016
117	1017
118	1018
119	1019
120	1020
121	1021
122	1022
123	1023
124	1024
125	1025
126	1026
127	1027
128	1028
129	1029
130	1030
131	1031
132	1032
133	1033
134	1034
135	1035
136	1036
137	1037
138	1038
139	1039
140	1040
141	1041
142	1042
143	1043
144	1044
145	1045
146	1046
147	1047
148	1048
149	1049
150	1050
151	1051
152	1052
153	1053
154	1054
155	1055
156	1056
157	1057
158	1058
159	1059
160	1060
161	1061
162	1062
163	1063
164	1064
165	1065
166	1066
167	1067
168	1068
169	1069
170	1070
171	1071
172	1072
173	1073
174	1074
175	1075
176	1076
177	1077
178	1078
179	1079
180	1080
181	1081
182	1082
183	1083
184	1084
185	1085
186	1086
187	1087
188	1088
189	1089
190	1090
191	1091
192	1092
193	1093
194	1094
195	1095
196	1096
197	1097
198	1098
199	1099
200	1100
201	1101
202	1102
203	1103
204	1104
205	1105
206	1106
207	1107
208	1108
209	1109
210	1110
211	1111
212	1112
213	1113
214	1114
215	1115
216	1116
217	1117
218	1118
219	1119
220	1120
221	1121
222	1122
223	1123
224	1124
225	1125
226	1126
227	1127
228	1128
229	1129
230	1130
231	1131
232	1132
233	1133
234	1134
235	1135
236	1136
237	1137
238	1138
239	1139
240	1140
241	1141
242	1142
243	1143
244	1144
245	1145
246	1146
247	1147
248	1148
249	1149
250	1150
251	1151
252	1152
253	1153
254	1154
255	1155
256	1156
257	1157
258	1158
259	1159
260	1160
261	1161
262	1162
263	1163
264	1164
265	1165
266	1166
267	1167
268	1168
269	1169
270	1170
271	1171
272	1172
273	1173
274	1174
275	1175
276	1176
277	1177
278	1178
279	1179
280	1180
281	1181
282	1182
283	1183
284	1184
285	1185
286	1186
287	1187
288	1188
289	1189
290	1190
291	1191
292	1192
293	1193
294	1194
295	1195
296	1196
297	1197
298	1198
299	1199
300	1200
301	1201
302	1202
303	1203
304	1204
305	1205
306	1206
307	1207
308	1208
309	1209
310	1210
311	1211
312	1212
313	1213
314	1214
315	1215
316	1216
317	1217
318	1218
319	1219
320	1220
321	1221
322	1222
323	1223
324	1224
325	1225
326	1226
327	1227
328	1228
329	1229
330	1230
331	1231
332	1232
333	1233
334	1234
335	1235
336	1236
337	1237
338	1238
339	1239
340	1240
341	1241
342	1242
343	1243
344	1244
345	1245
346	1246
347	1247
348	1248
349	1249
350	1250
351	1251
352	1252
353	1253
354	1254
355	1255
356	1256
357	1257
358	1258
359	1259
360	1260
361	1261
362	1262
363	1263
364	1264
365	1265
366	1266
367	1267
368	1268
369	1269
370	1270
371	1271
372	1272
373	1273
374	1274
375	1275
376	1276
377	1277
378	1278
379	1279
380	1280
381	1281
382	1282
383	1283
384	1284
385	1285
386	1286
387	1287
388	1288
389	1289
390	1290
391	1291
392	1292
393	1293
394	1294
395	1295
396	1296
397	1297
398	1298
399	1299
400	1300
401	1301
402	1302
403	1303
404	1304
405	1305
406	1306
407	1307
408	1308
409	1309
410	1310
411	1311
412	1312
413	1313
414	1314
415	1315
416	1316
417	1317
418	1318
419	1319
420	1320
421	1321
422	1322
423	1323
424	1324
425	1325
426	1326
427	1327
428	1328
429	1329
430	1330
431	1331
432	1332
433	1333
434	1334
435	1335
436	1336
437	1337
438	1338
439	1339
440	1340
441	1341
442	1342
443	1343
444	1344
445	1345
446	1346
447	1347
448	1348
449	1349
450	1350
451	1351
452	1352
453	1353
454	1354
455	1355
456	1356
457	1357
458	1358
459	1359
460	1360
461	1361
462	1362
463	1363
464	1364
465	1365
466	1366
467	1367
468	1368
469	1369
470	1370
471	1371
472	1372
473	1373
474	1374
475	1375
476	1376
477	1377
478	1378
479	1379
480	1380
481	1381
482	1382
483	1383
484	1384
485	1385
486	1386
487	1387
488	1388
489	1389
490	1390
491	1391
492	1392
493	1393
494	1394
495	1395
496	1396
497	1397
498	1398
499	1399
500	1400
501	1401
502	1402
503	1403
504	1404
505	1405
506	1406
507	1407
508	1408
509	1409
510	1410
511	1411
512	1412
513	1413
514	1414
515	1415
516	1416
517	1417
518	1418
519	1419
520	1420
521	1421
522	1422
523	1423
524	1424
525	1425
526	1426
527	1427
528	1428
529	1429
530	1430
531	1431
532	1432
533	1433
534	1434
535	1435
536	1436
537	1437
538	1438
539	1439
540	1440
541	1441
542	1442
543	1443
544	1444
545	1445
546	1446
547	1447
548	1448
549	1449
550	1450
551	1451
552	1452
553	1453
554	1454
555	1455
556	1456
557	1457
558	1458
559	1459
560	1460
561	1461
562	1462
563	1463
564	1464
565	1465
566	1466
567	1467
568	1468
569	1469
570	1470
571	1471
572	1472
573	1473
574	1474
575	1475
576	1476
577	1477
578	1478
579	1479
580	1480
581	1481
582	1482
583	1483
584	1484
585	1485
586	1486
587	1487
588	1488
589	1489
590	1490
591	1491
592	1492
593	1493
594	1494
595	1495
596	1496
597	1497
598	1498
599	1499
600	1500
601	1501
602	1502
603	1503
604	1504
605	1505
606	1506
607	1507
608	1508
609	1509
610	1510
611	1511
612	1512
613	1513
614	1514
615	1515
616	1516
617	1517
618	1518
619	1519
620	1520
621	1521
622	1522
623	1523
624	1524
625	1525
626	1526
627	1527
628	1528
629	1529
630	1530
631	1531
632	1532
633	1533
634	1534
635	1535
636	1536
637	1537
638	1538
639	1539
640	1540
641	1541
642	1542
643	1543
644	1544
645	1545
646	1546
647	1547
648	1548
649	1549
650	1550
651	1551
652	1552
653	1553
654	1554
655	1555
656	1556
657	1557
658	1558
659	1559
660	1560
661	1561
662	1562
663	1563
664	1564
665	1565
666	1566
667	1567
668	1568
669	1569
670	1570
671	1571
672	1572
673	1573
674	1574
675	1575
676	1576
677	1577
678	1578
679	1579
680	1580
681	1581
682	1582
683	1583
684	1584
685	1585
686	1586
687	1587
688	1588
689	1589
690	1590
691	1591
692	1592
693	1593
694	1594
695	1595
696	1596
697	1597
698	1598
699	1599
700	1600
701	1601
702	1602
703	1603
704	1604
705	1605
706	1606
707	1607
708	1608
709	1609
710	1610
711	1611
712	1612
713	1613
714	1614
715	1615
716	1616
717	1617
718	1618
719	1619
720	1620
721	1621
722	1622
723	1623
724	1624
725	1625
726	1626
727	1627
728	1628
729	1629
730	1630
731	1631
732	1632
733	1633
734	1634
735	1635
736	1636
737	1637
738	1638
739	1639
740	1640
741	1641
742	1642
743	1643
744	1644
745	1645
746	1646
747	1647
748	1648
749	1649
750	1650
751	1651
752	1652
753	1653
754	1654
755	1655
756	1656
757	1657
758	1658
759	1659
760	1660
761	1661
762	1662
763	1663
764	1664
765	1665
766	1666
767	1667
768	1668
769	1669
770	1670
771	1671
772	1672
773	1673
774	1674
775	1675
776	1676
777	1677
778	1678
779	1679
780	1680
781	1681
782	1682
783	1683
784	1684
785	1685
786	1686
787	1687
788	1688
789	1689
790	1690
791	1691
792	1692
793	1693
794	1694
795	1695
796	1696
797	1697
798	1698
799	1699
800	1700
801	1701
802	1702
803	1703
804	1704
805	1705
806	1706
807	1707
808	1708
809	1709
810	1710
811	1711
812	1712
813	1713
814	1714
815	1715
816	1716
817	1717
818	1718
819	1719
820	1720
821	1721
822	1722
823	1723
824	1724
825	1725
826	1726
827	1727
828	1728
829	1729
830	1730
831	1731
832	1732
833	1733
834	1734
835	1735
836	1736
837	1737
838	1738
839	1739
840	1740
841	1741
842	1742
843	1743
844	1744
845	1745
846	1746
847	1747
848	1748
849	1749
850	1750
851	1751
852	1752
853	1753
854	1754
855	1755
856	1756
857	1757
858	1758
859	1759
860	1760
861	1761
862	1762
863	1763
864	1764
865	1765
866	1766
867	1767
868	1768
869	1769
870	1770
871	1771
872	1772
873	1773
874	1774
875	1775
876	1776
877	1777
878	1778
879	1779
880	1780
881	1781
882	1782
883	1783
884	1784
885	1785
886	1786
887	1787
888	1788
889	1789
890	1790
891	1791
892	1792
893	1793
894	1794
895	1795
896	1796
897	1797
898	1798
899	1799
900	1800
931	1801	1802
932	1803	1802
991	1804	1805
992	1806	1805
1051	1807	1808
1052	1809	1808
1111	1810	1811
1112	1812	1811
1171	1813	1814
1172	1815	1814
1231	1816	1817
1232	1818	1817
1291	1819	1820
1292	1821	1820
1351	1822	1823
1352	1824	1823
1411	1825	1826
1412	1827	1826
1471	1828	1829
1472	1830	1829
1531	1831	1832
1532	1833	1832
1591	1834	1835
1592	1836	1835
1651	1837	1838
1652	1839	1838
1711	1840	1841
1712	1842	1841
1771	1843	1844
1772	1845	1844
903	1846	1847
904	1848	1847
963	1849	1850
964	1851	1850
1023	1852	1853
1024	1854	1853
1083	1855	1856
1084	1857	1856
1143	1858	1859
1144	1860	1859
1203	1861	1862
1204	1863	1862
1263	1864	1865
1264	1866	1865
1323	1867	1868
1324	1869	1868
1383	1870	1871
1384	1872	1871
1443	1873	1874
1444	1875	1874
1503	1876	1877
1504	1878	1877
1563	1879	1880
1564	1881	1880
1623	1882	1883
1624	1884	1883
1683	1885	1886
1684	1887	1886
1743	1888	1889
1744	1890	1889
935	1891	1892
936	1893	1892
995	1894	1895
996	1896	1895
1055	1897	1898
1056	1899	1898
1115	1900	1901
1116	1902	1901
1175	1903	1904
1176	1905	1904
1235	1906	1907
1236	1908	1907
1295	1909	1910
1296	1911	1910
1355	1912	1913
1356	1914	1913
1415	1915	1916
1416	1917	1916
1475	1918	1919
1476	1920	1919
1535	1921	1922
1536	1923	1922
1595	1924	1925
1596	1926	1925
1655	1927	1928
1656	1929	1928
1715	1930	1931
1716	1932	1931
1775	1933	1934
1776	1935	1934
907	1936	1937
908	1938	1937
967	1939	1940
968	1941	1940
1027	1942	1943
1028	1944	1943
1087	1945	1946
1088	1947	1946
1147	1948	1949
1148	1950	1949
1207	1951	1952
1208	1953	1952
1267	1954	1955
1268	1956	1955
1327	1957	1958
1328	1959	1958
1387	1960	1961
1388	1962	1961
1447	1963	1964
1448	1965	1964
1507	1966	1967
1508	1968	1967
1567	1969	1970
1568	1971	1970
1627	1972	1973
1628	1974	1973
1687	1975	1976
1688	1977	1976
1747	1978	1979
1748	1980	1979
939	1981	1982
940	1983	1982
999	1984	1985
1000	1986	1985
1059	1987	1988
1060	1989	1988
1119	1990	1991
1120	1992	1991
1179	1993	1994
1180	1995	1994
1239	1996	1997
1240	1998	1997
1299	1999	2000
1300	2001	2000
1359	2002	2003
1360	2004	2003
1419	2005	2006
1420	2007	2006
1479	2008	2009
1480	2010	2009
1539	2011	2012
1540	2013	2012
1599	2014	2015
1600	2016	2015
1659	2017	2018
1660	2019	2018
1719	2020	2021
1720	2022	2021
1779	2023	2024
1780	2025	2024
911	2026	2027
912	2028	2027
971	2029	2030
972	2031	2030
1031	2032	2033
1032	2034	2033
1091	2035	2036
1092	2037	2036
1151	2038	2039
1152	2040	2039
1211	2041	2042
1212	2043	2042
1271	2044	2045
1272	2046	2045
1331	2047	2048
1332	2049	2048
1391	2050	2051
1392	2052	2051
1451	2053	2054
1452	2055	2054
1511	2056	2057
1512	2058	2057
1571	2059	2060
1572	2061	2060
1631	2062	2063
1632	2064	2063
1691	2065	2066
1692	2067	2066
1751	2068	2069
1752	2070	2069
943	2071	2072
944	2073	2072
1003	2074	2075
1004	2076	2075
1063	2077	2078
1064	2079	2078
1123	2080	2081
1124	2082	2081
1183	2083	2084
1184	2085	2084
1243	2086	2087
1244	2088	2087
1303	2089	2090
1304	2091	2090
1363	2092	2093
1364	2094	2093
1423	2095	2096
1424	2097	2096
1483	2098	2099
1484	2100	2099
1543	2101	2102
1544	2103	2102
1603	2104	2105
1604	2106	2105
1663	2107	2108
1664	2109	2108
1723	2110	2111
1724	2112	2111
1783	2113	2114
1784	2115	2114
915	2116	2117
916	2118	2117
975	2119	2120
976	2121	2120
1035	2122	2123
1036	2124	2123
1095	2125	2126
1096	2127	2126
1155	2128	2129
1156	2130	2129
1215	2131	2132
1216	2133	2132
1275	2134	2135
1276	2136	2135
1335	2137	2138
1336	2139	2138
1395	2140	2141
1396	2142	2141
1455	2143	2144
1456	2145	2144
1515	2146	2147
1516	2148	2147
1575	2149	2150
1576	2151	2150
1635	2152	2153
1636	2154	2153
1695	2155	2156
1696	2157	2156
1755	2158	2159
1756	2160	2159
947	2161	2162
948	2163	2162
1007	2164	2165
1008	2166	2165
1067	2167	2168
1068	2169	2168
1127	2170	2171
1128	2172	2171
1187	2173	2174
1188	2175	2174
1247	2176	2177
1248	2178	2177
1307	2179	2180
1308	2181	2180
1367	2182	2183
1368	2184	2183
1427	2185	2186
1428	2187	2186
1487	2188	2189
1488	2190	2189
1547	2191	2192
1548	2193	2192
1607	2194	2195
1608	2196	2195
1667	2197	2198
1668	2199	2198
1727	2200	2201
1728	2202	2201
1787	2203	2204
1788	2205	2204
919	2206	2207
920	2208	2207
979	2209	2210
980	2211	2210
1039	2212	2213
1040	2214	2213
1099	2215	2216
1100	2217	2216
1159	2218	2219
1160	2220	2219
1219	2221	2222
1220	2223	2222
1279	2224	2225
1280	2226	2225
1339	2227	2228
1340	2229	2228
1399	2230	2231
1400	2232	2231
1459	2233	2234
1460	2235	2234
1519	2236	2237
1520	2238	2237
1579	2239	2240
1580	2241	2240
1639	2242	2243
1640	2244	2243
1699	2245	2246
1700	2247	2246
1759	2248	2249
1760	2250	2249
951	2251	2252
952	2253	2252
1011	2254	2255
1012	2256	2255
1071	2257	2258
1072	2259	2258
1131	2260	2261
1132	2262	2261
1191	2263	2264
1192	2265	2264
1251	2266	2267
1252	2268	2267
1311	2269	2270
1312	2271	2270
1371	2272	2273
1372	2274	2273
1431	2275	2276
1432	2277	2276
1491	2278	2279
1492	2280	2279
1551	2281	2282
1552	2283	2282
1611	2284	2285
1612	2286	2285
1671	2287	2288
1672	2289	2288
1731	2290	2291
1732	2292	2291
1791	2293	2294
1792	2295	2294
923	2296	2297
924	2298	2297
983	2299	2300
984	2301	2300
1043	2302	2303
1044	2304	2303
1103	2305	2306
1104	2307	2306
1163	2308	2309
1164	2310	2309
1223	2311	2312
1224	2313	2312
1283	2314	2315
1284	2316	2315
1343	2317	2318
1344	2319	2318
1403	2320	2321
1404	2322	2321
1463	2323	2324
1464	2325	2324
1523	2326	2327
1524	2328	2327
1583	2329	2330
1584	2331	2330
1643	2332	2333
1644	2334	2333
1703	2335	2336
1704	2337	2336
1763	2338	2339
1764	2340	2339
955	2341	2342
956	2343	2342
1015	2344	2345
1016	2346	2345
1075	2347	2348
1076	2349	2348
1135	2350	2351
1136	2352	2351
1195	2353	2354
1196	2355	2354
1255	2356	2357
1256	2358	2357
1315	2359	2360
1316	2361	2360
1375	2362	2363
1376	2364	2363
1435	2365	2366
1436	2367	2366
1495	2368	2369
1496	2370	2369
1555	2371	2372
1556	2373	2372
1615	2374	2375
1616	2376	2375
1675	2377	2378
1676	2379	2378
1735	2380	2381
1736	2382	2381
1795	2383	2384
1796	2385	2384
927	2386	2387
928	2388	2387
987	2389	2390
988	2391	2390
1047	2392	2393
1048	2394	2393
1107	2395	2396
1108	2397	2396
1167	2398	2399
1168	2400	2399
1227	2401	2402
1228	2403	2402
1287	2404	2405
1288	2406	2405
1347	2407	2408
1348	2409	2408
1407	2410	2411
1408	2412	2411
1467	2413	2414
1468	2415	2414
1527	2416	2417
1528	2418	2417
1587	2419	2420
1588	2421	2420
1647	2422	2423
1648	2424	2423
1707	2425	2426
1708	2427	2426
1767	2428	2429
1768	2430	2429
959	2431	2432
960	2433	2432
1019	2434	2435
1020	2436	2435
1079	2437	2438
1080	2439	2438
1139	2440	2441
1140	2442	2441
1199	2443	2444
1200	2445	2444
1259	2446	2447
1260	2448	2447
1319	2449	2450
1320	2451	2450
1379	2452	2453
1380	2454	2453
1439	2455	2456
1440	2457	2456
1499	2458	2459
1500	2460	2459
1559	2461	2462
1560	2463	2462
1619	2464	2465
1620	2466	2465
1679	2467	2468
1680	2469	2468
1739	2470	2471
1740	2472	2471
1799	2473	2474
1800	2475	2474
901	2476
902	2477
905	2478
906	2479
909	2480
910	2481
913	2482
914	2483
917	2484
918	2485
921	2486
922	2487
925	2488
926	2489
929	2490
930	2491
933	2492
934	2493
937	2494
938	2495
941	2496
942	2497
945	2498
946	2499
949	2500
950	2501
953	2502
954	2503
957	2504
958	2505
961	2506
962	2507
965	2508
966	2509
969	2510
970	2511
973	2512
974	2513
977	2514
978	2515
981	2516
982	2517
985	2518
986	2519
989	2520
990	2521
993	2522
994	2523
997	2524
998	2525
1001	2526
1002	2527
1005	2528
1006	2529
1009	2530
1010	2531
1013	2532
1014	2533
1017	2534
1018	2535
1021	2536
1022	2537
1025	2538
1026	2539
1029	2540
1030	2541
1033	2542
1034	2543
1037	2544
1038	2545
1041	2546
1042	2547
1045	2548
1046	2549
1049	2550
1050	2551
1053	2552
1054	2553
1057	2554
1058	2555
1061	2556
1062	2557
1065	2558
1066	2559
1069	2560
1070	2561
1073	2562
1074	2563
1077	2564
1078	2565
1081	2566
1082	2567
1085	2568
1086	2569
1089	2570
1090	2571
1093	2572
1094	2573
1097	2574
1098	2575
1101	2576
1102	2577
1105	2578
1106	2579
1109	2580
1110	2581
1113	2582
1114	2583
1117	2584
1118	2585
1121	2586
1122	2587
1125	2588
1126	2589
1129	2590
1130	2591
1133	2592
1134	2593
1137	2594
1138	2595
1141	2596
1142	2597
1145	2598
1146	2599
1149	2600
1150	2601
1153	2602
1154	2603
1157	2604
1158	2605
1161	2606
1162	2607
1165	2608
1166	2609
1169	2610
1170	2611
1173	2612
1174	2613
1177	2614
1178	2615
1181	2616
1182	2617
1185	2618
1186	2619
1189	2620
1190	2621
1193	2622
1194	2623
1197	2624
1198	2625
1201	2626
1202	2627
1205	2628
1206	2629
1209	2630
1210	2631
1213	2632
1214	2633
1217	2634
1218	2635
1221	2636
1222	2637
1225	2638
1226	2639
1229	2640
1230	2641
1233	2642
1234	2643
1237	2644
1238	2645
1241	2646
1242	2647
1245	2648
1246	2649
1249	2650
1250	2651
1253	2652
1254	2653
1257	2654
1258	2655
1261	2656
1262	2657
1265	2658
1266	2659
1269	2660
1270	2661
1273	2662
1274	2663
1277	2664
1278	2665
1281	2666
1282	2667
1285	2668
1286	2669
1289	2670
1290	2671
1293	2672
1294	2673
1297	2674
1298	2675
1301	2676
1302	2677
1305	2678
1306	2679
1309	2680
1310	2681
1313	2682
1314	2683
1317	2684
1318	2685
1321	2686
1322	2687
1325	2688
1326	2689
1329	2690
1330	2691
1333	2692
1334	2693
1337	2694
1338	2695
1341	2696
1342	2697
1345	2698
1346	2699
1349	2700
1350	2701
1353	2702
1354	2703
1357	2704
1358	2705
1361	2706
1362	2707
1365	2708
1366	2709
1369	2710
1370	2711
1373	2712
1374	2713
1377	2714
1378	2715
1381	2716
1382	2717
1385	2718
1386	2719
1389	2720
1390	2721
1393	2722
1394	2723
1397	2724
1398	2725
1401	2726
1402	2727
1405	2728
1406	2729
1409	2730
1410	2731
1413	2732
1414	2733
1417	2734
1418	2735
1421	2736
1422	2737
1425	2738
1426	2739
1429	2740
1430	2741
1433	2742
1434	2743
1437	2744
1438	2745
1441	2746
1442	2747
1445	2748
1446	2749
1449	2750
1450	2751
1453	2752
1454	2753
1457	2754
1458	2755
1461	2756
1462	2757
1465	2758
1466	2759
1469	2760
1470	2761
1473	2762
1474	2763
1477	2764
1478	2765
1481	2766
1482	2767
1485	2768
1486	2769
1489	2770
1490	2771
1493	2772
1494	2773
1497	2774
1498	2775
1501	2776
1502	2777
1505	2778
1506	2779
1509	2780
1510	2781
1513	2782
1514	2783
1517	2784
1518	2785
1521	2786
1522	2787
1525	2788
1526	2789
1529	2790
1530	2791
1533	2792
1534	2793
1537	2794
1538	2795
1541	2796
1542	2797
1545	2798
1546	2799
1549	2800
1550	2801
1553	2802
1554	2803
1557	2804
1558	2805
1561	2806
1562	2807
1565	2808
1566	2809
1569	2810
1570	2811
1573	2812
1574	2813
1577	2814
1578	2815
1581	2816
1582	2817
1585	2818
1586	2819
1589	2820
1590	2821
1593	2822
1594	2823
1597	2824
1598	2825
1601	2826
1602	2827
1605	2828
1606	2829
1609	2830
1610	2831
1613	2832
1614	2833
1617	2834
1618	2835
1621	2836
1622	2837
1625	2838
1626	2839
1629	2840
1630	2841
1633	2842
1634	2843
1637	2844
1638	2845
1641	2846
1642	2847
1645	2848
1646	2849
1649	2850
1650	2851
1653	2852
1654	2853
1657	2854
1658	2855
1661	2856
1662	2857
1665	2858
1666	2859
1669	2860
1670	2861
1673	2862
1674	2863
1677	2864
1678	2865
1681	2866
1682	2867
1685	2868
1686	2869
1689	2870
1690	2871
1693	2872
1694	2873
1697	2874
1698	2875
1701	2876
1702	2877
1705	2878
1706	2879
1709	2880
1710	2881
1713	2882
1714	2883
1717	2884
1718	2885
1721	2886
1722	2887
1725	2888
1726	2889
1729	2890
1730	2891
1733	2892
1734	2893
1737	2894
1738	2895
1741	2896
1742	2897
1745	2898
1746	2899
1749	2900
1750	2901
1753	2902
1754	2903
1757	2904
1758	2905
1761	2906
1762	2907
1765	2908
1766	2909
1769	2910
1770	2911
1773	2912
1774	2913
1777	2914
1778	2915
1781	2916
1782	2917
1785	2918
1786	2919
1789	2920
1790	2921
1793	2922
1794	2923
1797	2924
1798	2925
2476	2926	2927
2477	2928	2927
2506	2929	2930
2507	2931	2930
2536	2932	2933
2537	2934	2933
2566	2935	2936
2567	2937	2936
2596	2938	2939
2597	2940	2939
2626	2941	2942
2627	2943	2942
2656	2944	2945
2657	2946	2945
2686	2947	2948
2687	2949	2948
2716	2950	2951
2717	2952	2951
2746	2953	2954
2747	2955	2954
2776	2956	2957
2777	2958	2957
2806	2959	2960
2807	2961	2960
2836	2962	2963
2837	2964	2963
2866	2965	2966
2867	2967	2966
2896	2968	2969
2897	2970	2969
2492	2971	2972
2493	2973	2972
2522	2974	2975
2523	2976	2975
2552	2977	2978
2553	2979	2978
2582	2980	2981
2583	2982	2981
2612	2983	2984
2613	2985	2984
2642	2986	2987
2643	2988	2987
2672	2989	2990
2673	2991	2990
2702	2992	2993
2703	2994	2993
2732	2995	2996
2733	2997	2996
2762	2998	2999
2763	3000	2999
2792	3001	3002
2793	3003	3002
2822	3004	3005
2823	3006	3005
2852	3007	3008
2853	3009	3008
2882	3010	3011
2883	3012	3011
2912	3013	3014
2913	3015	3014
2478	3016	3017
2479	3018	3017
2508	3019	3020
2509	3021	3020
2538	3022	3023
2539	3024	3023
2568	3025	3026
2569	3027	3026
2598	3028	3029
2599	3030	3029
2628	3031	3032
2629	3033	3032
2658	3034	3035
2659	3036	3035
2688	3037	3038
2689	3039	3038
2718	3040	3041
2719	3042	3041
2748	3043	3044
2749	3045	3044
2778	3046	3047
2779	3048	3047
2808	3049	3050
2809	3051	3050
2838	3052	3053
2839	3054	3053
2868	3055	3056
2869	3057	3056
2898	3058	3059
2899	3060	3059
2494	3061	3062
2495	3063	3062
2524	3064	3065
2525	3066	3065
2554	3067	3068
2555	3069	3068
2584	3070	3071
2585	3072	3071
2614	3073	3074
2615	3075	3074
2644	3076	3077
2645	3078	3077
2674	3079	3080
2675	3081	3080
2704	3082	3083
2705	3084	3083
2734	3085	3086
2735	3087	3086
2764	3088	3089
2765	3090	3089
2794	3091	3092
2795	3093	3092
2824	3094	3095
2825	3096	3095
2854	3097	3098
2855	3099	3098
2884	3100	3101
2885	3102	3101
2914	3103	3104
2915	3105	3104
2480	3106	3107
2481	3108	3107
2510	3109	3110
2511	3111	3110
2540	3112	3113
2541	3114	3113
2570	3115	3116
2571	3117	3116
2600	3118	3119
2601	3120	3119
2630	3121	3122
2631	3123	3122
2660	3124	3125
2661	3126	3125
2690	3127	3128
2691	3129	3128
2720	3130	3131
2721	3132	3131
2750	3133	3134
2751	3135	3134
2780	3136	3137
2781	3138	3137
2810	3139	3140
2811	3141	3140
2840	3142	3143
2841	3144	3143
2870	3145	3146
2871	3147	3146
2900	3148	3149
2901	3150	3149
2496	3151	3152
2497	3153	3152
2526	3154	3155
2527	3156	3155
2556	3157	3158
2557	3159	3158
2586	3160	3161
2587	3162	3161
2616	3163	3164
2617	3165	3164
2646	3166	3167
2647	3168	3167
2676	3169	3170
2677	3171	3170
2706	3172	3173
2707	3174	3173
2736	3175	3176
2737	3177	3176
2766	3178	3179
2767	3180	3179
2796	3181	3182
2797	3183	3182
2826	3184	3185
2827	3186	3185
2856	3187	3188
2857	3189	3188
2886	3190	3191
2887	3192	3191
2916	3193	3194
2917	3195	3194
2482	3196	3197
2483	3198	3197
2512	3199	3200
2513	3201	3200
2542	3202	3203
2543	3204	3203
2572	3205	3206
2573	3207	3206
2602	3208	3209
2603	3210	3209
2632	3211	3212
2633	3213	3212
2662	3214	3215
2663	3216	3215
2692	3217	3218
2693	3219	3218
2722	3220	3221
2723	3222	3221
2752	3223	3224
2753	3225	3224
2782	3226	3227
2783	3228	3227
2812	3229	3230
2813	3231	3230
2842	3232	3233
2843	3234	3233
2872	3235	3236
2873	3237	3236
2902	3238	3239
2903	3240	3239
2498	3241	3242
2499	3243	3242
2528	3244	3245
2529	3246	3245
2558	3247	3248
2559	3249	3248
2588	3250	3251
2589	3252	3251
2618	3253	3254
2619	3255	3254
2648	3256	3257
2649	3258	3257
2678	3259	3260
2679	3261	3260
2708	3262	3263
2709	3264	3263
2738	3265	3266
2739	3267	3266
2768	3268	3269
2769	3270	3269
2798	3271	3272
2799	3273	3272
2828	3274	3275
2829	3276	3275
2858	3277	3278
2859	3279	3278
2888	3280	3281
2889	3282	3281
2918	3283	3284
2919	3285	3284
2484	3286	3287
2485	3288	3287
2514	3289	3290
2515	3291	3290
2544	3292	3293
2545	3294	3293
2574	3295	3296
2575	3297	3296
2604	3298	3299
2605	3300	3299
2634	3301	3302
2635	3303	3302
2664	3304	3305
2665	3306	3305
2694	3307	3308
2695	3309	3308
2724	3310	3311
2725	3312	3311
2754	3313	3314
2755	3315	3314
2784	3316	3317
2785	3318	3317
2814	3319	3320
2815	3321	3320
2844	3322	3323
2845	3324	3323
2874	3325	3326
2875	3327	3326
2904	3328	3329
2905	3330	3329
2500	3331	3332
2501	3333	3332
2530	3334	3335
2531	3336	3335
2560	3337	3338
2561	3339	3338
2590	3340	3341
2591	3342	3341
2620	3343	3344
2621	3345	3344
2650	3346	3347
2651	3348	3347
2680	3349	3350
2681	3351	3350
2710	3352	3353
2711	3354	3353
2740	3355	3356
2741	3357	3356
2770	3358	3359
2771	3360	3359
2800	3361	3362
2801	3363	3362
2830	3364	3365
2831	3366	3365
2860	3367	3368
2861	3369	3368
2890	3370	3371
2891	3372	3371
2920	3373	3374
2921	3375	3374
2486	3376	3377
2487	3378	3377
2516	3379	3380
2517	3381	3380
2546	3382	3383
2547	3384	3383
2576	3385	3386
2577	3387	3386
2606	3388	3389
2607	3390	3389
2636	3391	3392
2637	3393	3392
2666	3394	3395
2667	3396	3395
2696	3397	3398
2697	3399	3398
2726	3400	3401
2727	3402	3401
2756	3403	3404
2757	3405	3404
2786	3406	3407
2787	3408	3407
2816	3409	3410
2817	3411	3410
2846	3412	3413
2847	3414	3413
2876	3415	3416
2877	3417	3416
2906	3418	3419
2907	3420	3419
2502	3421	3422
2503	3423	3422
2532	3424	3425
2533	3426	3425
2562	3427	3428
2563	3429	3428
2592	3430	3431
2593	3432	3431
2622	3433	3434
2623	3435	3434
2652	3436	3437
2653	3438	3437
2682	3439	3440
2683	3441	3440
2712	3442	3443
2713	3444	3443
2742	3445	3446
2743	3447	3446
2772	3448	3449
2773	3450	3449
2802	3451	3452
2803	3453	3452
2832	3454	3455
2833	3456	3455
2862	3457	3458
2863	3459	3458
2892	3460	3461
2893	3462	3461
2922	3463	3464
2923	3465	3464
2488	3466	3467
2489	3468	3467
2518	3469	3470
2519	3471	3470
2548	3472	3473
2549	3474	3473
2578	3475	3476
2579	3477	3476
2608	3478	3479
2609	3480	3479
2638	3481	3482
2639	3483	3482
2668	3484	3485
2669	3486	3485
2698	3487	3488
2699	3489	3488
2728	3490	3491
2729	3492	3491
2758	3493	3494
2759	3495	3494
2788	3496	3497
2789	3498	3497
2818	3499	3500
2819	3501	3500
2848	3502	3503
2849	3504	3503
2878	3505	3506
2879	3507	3506
2908	3508	3509
2909	3510	3509
2504	3511	3512
2505	3513	3512
2534	3514	3515
2535	3516	3515
2564	3517	3518
2565	3519	3518
2594	3520	3521
2595	3522	3521
2624	3523	3524
2625	3525	3524
2654	3526	3527
2655	3528	3527
2684	3529	3530
2685	3531	3530
2714	3532	3533
2715	3534	3533
2744	3535	3536
2745	3537	3536
2774	3538	3539
2775	3540	3539
2804	3541	3542
2805	3543	3542
2834	3544	3545
2835	3546	3545
2864	3547	3548
2865	3549	3548
2894	3550	3551
2895	3552	3551
2924	3553	3554
2925	3555	3554
2490	3556	3557
2491	3558	3557
2520	3559	3560
2521	3561	3560
2550	3562	3563
2551	3564	3563
2580	3565	3566
2581	3567	3566
2610	3568	3569
2611	3570	3569
2640	3571	3572
2641	3573	3572
2670	3574	3575
2671	3576	3575
2700	3577	3578
2701	3579	3578
2730	3580	3581
2731	3582	3581
2760	3583	3584
2761	3585	3584
2790	3586	3587
2791	3588	3587
2820	3589	3590
2821	3591	3590
2850	3592	3593
2851	3594	3593
2880	3595	3596
2881	3597	3596
2910	3598	3599
2911	3600	3599
1801	3601
1803	3602
1804	3603
1806	3604
1807	3605
1809	3606
1810	3607
1812	3608
1813	3609
1815	3610
1816	3611
1818	3612
1819	3613
1821	3614
1822	3615
1824	3616
1825	3617
1827	3618
1828	3619
1830	3620
1831	3621
1833	3622
1834	3623
1836	3624
1837	3625
1839	3626
1840	3627
1842	3628
1843	3629
1845	3630
1846	3631
1848	3632
1849	3633
1851	3634
1852	3635
1854	3636
1855	3637
1857	3638
1858	3639
1860	3640
1861	3641
1863	3642
1864	3643
1866	3644
1867	3645
1869	3646
1870	3647
1872	3648
1873	3649
1875	3650
1876	3651
1878	3652
1879	3653
1881	3654
1882	3655
1884	3656
1885	3657
1887	3658
1888	3659
1890	3660
1891	3661
1893	3662
1894	3663
1896	3664
1897	3665
1899	3666
1900	3667
1902	3668
1903	3669
1905	3670
1906	3671
1908	3672
1909	3673
1911	3674
1912	3675
1914	3676
1915	3677
1917	3678
1918	3679
1920	3680
1921	3681
1923	3682
1924	3683
1926	3684
1927	3685
1929	3686
1930	3687
1932	3688
1933	3689
1935	3690
1936	3691
1938	3692
1939	3693
1941	3694
1942	3695
1944	3696
1945	3697
1947	3698
1948	3699
1950	3700
1951	3701
1953	3702
1954	3703
1956	3704
1957	3705
1959	3706
1960	3707
1962	3708
1963	3709
1965	3710
1966	3711
1968	3712
1969	3713
1971	3714
1972	3715
1974	3716
1975	3717
1977	3718
1978	3719
1980	3720
1981	3721
1983	3722
1984	3723
1986	3724
1987	3725
1989	3726
1990	3727
1992	3728
1993	3729
1995	3730
1996	3731
1998	3732
1999	3733
2001	3734
2002	3735
2004	3736
2005	3737
2007	3738
2008	3739
2010	3740
2011	3741
2013	3742
2014	3743
2016	3744
2017	3745
2019	3746
2020	3747
2022	3748
2023	3749
2025	3750
2026	3751
2028	3752
2029	3753
2031	3754
2032	3755
2034	3756
2035	3757
2037	3758
2038	3759
2040	3760
2041	3761
2043	3762
2044	3763
2046	3764
2047	3765
2049	3766
2050	3767
2052	3768
2053	3769
2055	3770
2056	3771
2058	3772
2059	3773
2061	3774
2062	3775
2064	3776
2065	3777
2067	3778
2068	3779
2070	3780
2071	3781
2073	3782
2074	3783
2076	3784
2077	3785
2079	3786
2080	3787
2082	3788
2083	3789
2085	3790
2086	3791
2088	3792
2089	3793
2091	3794
2092	3795
2094	3796
2095	3797
2097	3798
2098	3799
2100	3800
2101	3801
2103	3802
2104	3803
2106	3804
2107	3805
2109	3806
2110	3807
2112	3808
2113	3809
2115	3810
2116	3811
2118	3812
2119	3813
2121	3814
2122	3815
2124	3816
2125	3817
2127	3818
2128	3819
2130	3820
2131	3821
2133	3822
2134	3823
2136	3824
2137	3825
2139	3826
2140	3827
2142	3828
2143	3829
2145	3830
2146	3831
2148	3832
2149	3833
2151	3834
2152	3835
2154	3836
2155	3837
2157	3838
2158	3839
2160	3840
2161	3841
2163	3842
2164	3843
2166	3844
2167	3845
2169	3846
2170	3847
2172	3848
2173	3849
2175	3850
2176	3851
2178	3852
2179	3853
2181	3854
2182	3855
2184	3856
2185	3857
2187	3858
2188	3859
2190	3860
2191	3861
2193	3862
2194	3863
2196	3864
2197	3865
2199	3866
2200	3867
2202	3868
2203	3869
2205	3870
2206	3871
2208	3872
2209	3873
2211	3874
2212	3875
2214	3876
2215	3877
2217	3878
2218	3879
2220	3880
2221	3881
2223	3882
2224	3883
2226	3884
2227	3885
2229	3886
2230	3887
2232	3888
2233	3889
2235	3890
2236	3891
2238	3892
2239	3893
2241	3894
2242	3895
2244	3896
2245	3897
2247	3898
2248	3899
2250	3900
2251	3901
2253	3902
2254	3903
2256	3904
2257	3905
2259	3906
2260	3907
2262	3908
2263	3909
2265	3910
2266	3911
2268	3912
2269	3913
2271	3914
2272	3915
2274	3916
2275	3917
2277	3918
2278	3919
2280	3920
2281	3921
2283	3922
2284	3923
2286	3924
2287	3925
2289	3926
2290	3927
2292	3928
2293	3929
2295	3930
2296	3931
2298	3932
2299	3933
2301	3934
2302	3935
2304	3936
2305	3937
2307	3938
2308	3939
2310	3940
2311	3941
2313	3942
2314	3943
2316	3944
2317	3945
2319	3946
2320	3947
2322	3948
2323	3949
2325	3950
2326	3951
2328	3952
2329	3953
2331	3954
2332	3955
2334	3956
2335	3957
2337	3958
2338	3959
2340	3960
2341	3961
2343	3962
2344	3963
2346	3964
2347	3965
2349	3966
2350	3967
2352	3968
2353	3969
2355	3970
2356	3971
2358	3972
2359	3973
2361	3974
2362	3975
2364	3976
2365	3977
2367	3978
2368	3979
2370	3980
2371	3981
2373	3982
2374	3983
2376	3984
2377	3985
2379	3986
2380	3987
2382	3988
2383	3989
2385	3990
2386	3991
2388	3992
2389	3993
2391	3994
2392	3995
2394	3996
2395	3997
2397	3998
2398	3999
2400	4000
2401	4001
2403	4002
2404	4003
2406	4004
2407	4005
2409	4006
2410	4007
2412	4008
2413	4009
2415	4010
2416	4011
2418	4012
2419	4013
2421	4014
2422	4015
2424	4016
2425	4017
2427	4018
2428	4019
2430	4020
2431	4021
2433	4022
2434	4023
2436	4024
2437	4025
2439	4026
2440	4027
2442	4028
2443	4029
2445	4030
2446	4031
2448	4032
2449	4033
2451	4034
2452	4035
2454	4036
2455	4037
2457	4038
2458	4039
2460	4040
2461	4041
2463	4042
2464	4043
2466	4044
2467	4045
2469	4046
2470	4047
2472	4048
2473	4049
2475	4050
3603	4051	4052
2932	4053	4052
3607	4054	4055
2938	4056	4055
3611	4057	4058
2944	4059	4058
3615	4060	4061
2950	4062	4061
3619	4063	4064
2956	4065	4064
3623	4066	4067
2962	4068	4067
3627	4069	4070
2968	4071	4070
3602	4072	4073
2931	4074	4073
3606	4075	4076
2937	4077	4076
3610	4078	4079
2943	4080	4079
3614	4081	4082
2949	4083	4082
3618	4084	4085
2955	4086	4085
3622	4087	4088
2961	4089	4088
3626	4090	4091
2967	4092	4091
2974	4093	4094
3635	4095	4094
2980	4096	4097
3639	4098	4097
2986	4099	4100
3643	4101	4100
2992	4102	4103
3647	4104	4103
2998	4105	4106
3651	4107	4106
3004	4108	4109
3655	4110	4109
3010	4111	4112
3659	4113	4112
2973	4114	4115
3634	4116	4115
2979	4117	4118
3638	4119	4118
2985	4120	4121
3642	4122	4121
2991	4123	4124
3646	4125	4124
2997	4126	4127
3650	4128	4127
3003	4129	4130
3654	4131	4130
3009	4132	4133
3658	4134	4133
3663	4135	4136
3022	4137	4136
3667	4138	4139
3028	4140	4139
3671	4141	4142
3034	4143	4142
3675	4144	4145
3040	4146	4145
3679	4147	4148
3046	4149	4148
3683	4150	4151
3052	4152	4151
3687	4153	4154
3058	4155	4154
3662	4156	4157
3021	4158	4157
3666	4159	4160
3027	4161	4160
3670	4162	4163
3033	4164	4163
3674	4165	4166
3039	4167	4166
3678	4168	4169
3045	4170	4169
3682	4171	4172
3051	4173	4172
3686	4174	4175
3057	4176	4175
3064	4177	4178
3695	4179	4178
3070	4180	4181
3699	4182	4181
3076	4183	4184
3703	4185	4184
3082	4186	4187
3707	4188	4187
3088	4189	4190
3711	4191	4190
3094	4192	4193
3715	4194	4193
3100	4195	4196
3719	4197	4196
3063	4198	4199
3694	4200	4199
3069	4201	4202
3698	4203	4202
3075	4204	4205
3702	4206	4205
3081	4207	4208
3706	4209	4208
3087	4210	4211
3710	4212	4211
3093	4213	4214
3714	4215	4214
3099	4216	4217
3718	4218	4217
3723	4219	4220
3112	4221	4220
3727	4222	4223
3118	4224	4223
3731	4225	4226
3124	4227	4226
3735	4228	4229
3130	4230	4229
3739	4231	4232
3136	4233	4232
3743	4234	4235
3142	4236	4235
3747	4237	4238
3148	4239	4238
3722	4240	4241
3111	4242	4241
3726	4243	4244
3117	4245	4244
3730	4246	4247
3123	4248	4247
3734	4249	4250
3129	4251	4250
3738	4252	4253
3135	4254	4253
3742	4255	4256
3141	4257	4256
3746	4258	4259
3147	4260	4259
3154	4261	4262
3755	4263	4262
3160	4264	4265
3759	4266	4265
3166	4267	4268
3763	4269	4268
3172	4270	4271
3767	4272	4271
3178	4273	4274
3771	4275	4274
3184	4276	4277
3775	4278	4277
3190	4279	4280
3779	4281	4280
3153	4282	4283
3754	4284	4283
3159	4285	4286
3758	4287	4286
3165	4288	4289
3762	4290	4289
3171	4291	4292
3766	4293	4292
3177	4294	4295
3770	4296	4295
3183	4297	4298
3774	4299	4298
3189	4300	4301
3778	4302	4301
3783	4303	4304
3202	4305	4304
3787	4306	4307
3208	4308	4307
3791	4309	4310
3214	4311	4310
3795	4312	4313
3220	4314	4313
3799	4315	4316
3226	4317	4316
3803	4318	4319
3232	4320	4319
3807	4321	4322
3238	4323	4322
3782	4324	4325
3201	4326	4325
3786	4327	4328
3207	4329	4328
3790	4330	4331
3213	4332	4331
3794	4333	4334
3219	4335	4334
3798	4336	4337
3225	4338	4337
3802	4339	4340
3231	4341	4340
3806	4342	4343
3237	4344	4343
3244	4345	4346
3815	4347	4346
3250	4348	4349
3819	4350	4349
3256	4351	4352
3823	4353	4352
3262	4354	4355
3827	4356	4355
3268	4357	4358
3831	4359	4358
3274	4360	4361
3835	4362	4361
3280	4363	4364
3839	4365	4364
3243	4366	4367
3814	4368	4367
3249	4369	4370
3818	4371	4370
3255	4372	4373
3822	4374	4373
3261	4375	4376
3826	4377	4376
3267	4378	4379
3830	4380	4379
3273	4381	4382
3834	4383	4382
3279	4384	4385
3838	4386	4385
3843	4387	4388
3292	4389	4388
3847	4390	4391
3298	4392	4391
3851	4393	4394
3304	4395	4394
3855	4396	4397
3310	4398	4397
3859	4399	4400
3316	4401	4400
3863	4402	4403
3322	4404	4403
3867	4405	4406
3328	4407	4406
3842	4408	4409
3291	4410	4409
3846	4411	4412
3297	4413	4412
3850	4414	4415
3303	4416	4415
3854	4417	4418
3309	4419	4418
3858	4420	4421
3315	4422	4421
3862	4423	4424
3321	4425	4424
3866	4426	4427
3327	4428	4427
3334	4429	4430
3875	4431	4430
3340	4432	4433
3879	4434	4433
3346	4435	4436
3883	4437	4436
3352	4438	4439
3887	4440	4439
3358	4441	4442
3891	4443	4442
3364	4444	4445
3895	4446	4445
3370	4447	4448
3899	4449	4448
3333	4450	4451
3874	4452	4451
3339	4453	4454
3878	4455	4454
3345	4456	4457
3882	4458	4457
3351	4459	4460
3886	4461	4460
3357	4462	4463
3890	4464	4463
3363	4465	4466
3894	4467	4466
3369	4468	4469
3898	4470	4469
3903	4471	4472
3382	4473	4472
3907	4474	4475
3388	4476	4475
3911	4477	4478
3394	4479	4478
3915	4480	4481
3400	4482	4481
3919	4483	4484
3406	4485	4484
3923	4486	4487
3412	4488	4487
3927	4489	4490
3418	4491	4490
3902	4492	4493
3381	4494	4493
3906	4495	4496
3387	4497	4496
3910	4498	4499
3393	4500	4499
3914	4501	4502
3399	4503	4502
3918	4504	4505
3405	4506	4505
3922	4507	4508
3411	4509	4508
3926	4510	4511
3417	4512	4511
3424	4513	4514
3935	4515	4514
3430	4516	4517
3939	4518	4517
3436	4519	4520
3943	4521	4520
3442	4522	4523
3947	4524	4523
3448	4525	4526
3951	4527	4526
3454	4528	4529
3955	4530	4529
3460	4531	4532
3959	4533	4532
3423	4534	4535
3934	4536	4535
3429	4537	4538
3938	4539	4538
3435	4540	4541
3942	4542	4541
3441	4543	4544
3946	4545	4544
3447	4546	4547
3950	4548	4547
3453	4549	4550
3954	4551	4550
3459	4552	4553
3958	4554	4553
3963	4555	4556
3472	4557	4556
3967	4558	4559
3478	4560	4559
3971	4561	4562
3484	4563	4562
3975	4564	4565
3490	4566	4565
3979	4567	4568
3496	4569	4568
3983	4570	4571
3502	4572	4571
3987	4573	4574
3508	4575	4574
3962	4576	4577
3471	4578	4577
3966	4579	4580
3477	4581	4580
3970	4582	4583
3483	4584	4583
3974	4585	4586
3489	4587	4586
3978	4588	4589
3495	4590	4589
3982	4591	4592
3501	4593	4592
3986	4594	4595
3507	4596	4595
3514	4597	4598
3995	4599	4598
3520	4600	4601
3999	4602	4601
3526	4603	4604
4003	4605	4604
3532	4606	4607
4007	4608	4607
3538	4609	4610
4011	4611	4610
3544	4612	4613
4015	4614	4613
3550	4615	4616
4019	4617	4616
3513	4618	4619
3994	4620	4619
3519	4621	4622
3998	4623	4622
3525	4624	4625
4002	4626	4625
3531	4627	4628
4006	4629	4628
3537	4630	4631
4010	4632	4631
3543	4633	4634
4014	4635	4634
3549	4636	4637
4018	4638	4637
4023	4639	4640
3562	4641	4640
4027	4642	4643
3568	4644	4643
4031	4645	4646
3574	4647	4646
4035	4648	4649
3580	4650	4649
4039	4651	4652
3586	4653	4652
4043	4654	4655
3592	4656	4655
4047	4657	4658
3598	4659	4658
4022	4660	4661
3561	4662	4661
4026	4663	4664
3567	4665	4664
4030	4666	4667
3573	4668	4667
4034	4669	4670
3579	4671	4670
4038	4672	4673
3585	4674	4673
4042	4675	4676
3591	4677	4676
4046	4678	4679
3597	4680	4679
2926	4681
2928	4682
2929	4683
2934	4684
2935	4685
2940	4686
2941	4687
2946	4688
2947	4689
2952	4690
2953	4691
2958	4692
2959	4693
2964	4694
2965	4695
2970	4696
2971	4697
2976	4698
2977	4699
2982	4700
2983	4701
2988	4702
2989	4703
2994	4704
2995	4705
3000	4706
3001	4707
3006	4708
3007	4709
3012	4710
3013	4711
3015	4712
3016	4713
3018	4714
3019	4715
3024	4716
3025	4717
3030	4718
3031	4719
3036	4720
3037	4721
3042	4722
3043	4723
3048	4724
3049	4725
3054	4726
3055	4727
3060	4728
3061	4729
3066	4730
3067	4731
3072	4732
3073	4733
3078	4734
3079	4735
3084	4736
3085	4737
3090	4738
3091	4739
3096	4740
3097	4741
3102	4742
3103	4743
3105	4744
3106	4745
3108	4746
3109	4747
3114	4748
3115	4749
3120	4750
3121	4751
3126	4752
3127	4753
3132	4754
3133	4755
3138	4756
3139	4757
3144	4758
3145	4759
3150	4760
3151	4761
3156	4762
3157	4763
3162	4764
3163	4765
3168	4766
3169	4767
3174	4768
3175	4769
3180	4770
3181	4771
3186	4772
3187	4773
3192	4774
3193	4775
3195	4776
3196	4777
3198	4778
3199	4779
3204	4780
3205	4781
3210	4782
3211	4783
3216	4784
3217	4785
3222	4786
3223	4787
3228	4788
3229	4789
3234	4790
3235	4791
3240	4792
3241	4793
3246	4794
3247	4795
3252	4796
3253	4797
3258	4798
3259	4799
3264	4800
3265	4801
3270	4802
3271	4803
3276	4804
3277	4805
3282	4806
3283	4807
3285	4808
3286	4809
3288	4810
3289	4811
3294	4812
3295	4813
3300	4814
3301	4815
3306	4816
3307	4817
3312	4818
3313	4819
3318	4820
3319	4821
3324	4822
3325	4823
3330	4824
3331	4825
3336	4826
3337	4827
3342	4828
3343	4829
3348	4830
3349	4831
3354	4832
3355	4833
3360	4834
3361	4835
3366	4836
3367	4837
3372	4838
3373	4839
3375	4840
3376	4841
3378	4842
3379	4843
3384	4844
3385	4845
3390	4846
3391	4847
3396	4848
3397	4849
3402	4850
3403	4851
3408	4852
3409	4853
3414	4854
3415	4855
3420	4856
3421	4857
3426	4858
3427	4859
3432	4860
3433	4861
3438	4862
3439	4863
3444	4864
3445	4865
3450	4866
3451	4867
3456	4868
3457	4869
3462	4870
3463	4871
3465	4872
3466	4873
3468	4874
3469	4875
3474	4876
3475	4877
3480	4878
3481	4879
3486	4880
3487	4881
3492	4882
3493	4883
3498	4884
3499	4885
3504	4886
3505	4887
3510	4888
3511	4889
3516	4890
3517	4891
3522	4892
3523	4893
3528	4894
3529	4895
3534	4896
3535	4897
3540	4898
3541	4899
3546	4900
3547	4901
3552	4902
3553	4903
3555	4904
3556	4905
3558	4906
3559	4907
3564	4908
3565	4909
3570	4910
3571	4911
3576	4912
3577	4913
3582	4914
3583	4915
3588	4916
3589	4917
3594	4918
3595	4919
3600	4920
4681	4921
4682	4922
3631	4923
3632	4924
4713	4925
4714	4926
3691	4927
3692	4928
4745	4929
4746	4930
3751	4931
3752	4932
4777	4933
4778	4934
3811	4935
3812	4936
4809	4937
4810	4938
3871	4939
3872	4940
4841	4941
4842	4942
3931	4943
3932	4944
4873	4945
4874	4946
3991	4947
3992	4948
4905	4949
4906	4950
3601	4951
4072	4952
4697	4953
4114	4954
3661	4955
4156	4956
4729	4957
4198	4958
3721	4959
4240	4960
4761	4961
4282	4962
3781	4963
4324	4964
4793	4965
4366	4966
3841	4967
4408	4968
4825	4969
4450	4970
3901	4971
4492	4972
4857	4973
4534	4974
3961	4975
4576	4976
4889	4977
4618	4978
4021	4979
4660	4980
4683	4981
4074	4982
3633	4983
4116	4984
4715	4985
4158	4986
3693	4987
4200	4988
4747	4989
4242	4990
3753	4991
4284	4992
4779	4993
4326	4994
3813	4995
4368	4996
4811	4997
4410	4998
3873	4999
4452	5000
4843	5001
4494	5002
3933	5003
4536	5004
4875	5005
4578	5006
3993	5007
4620	5008
4907	5009
4662	5010
4051	5011
3604	5012
4093	5013
4698	5014
4135	5015
3664	5016
4177	5017
4730	5018
4219	5019
3724	5020
4261	5021
4762	5022
4303	5023
3784	5024
4345	5025
4794	5026
4387	5027
3844	5028
4429	5029
4826	5030
4471	5031
3904	5032
4513	5033
4858	5034
4555	5035
3964	5036
4597	5037
4890	5038
4639	5039
4024	5040
4053	5041
4684	5042
4095	5043
3636	5044
4137	5045
4716	5046
4179	5047
3696	5048
4221	5049
4748	5050
4263	5051
3756	5052
4305	5053
4780	5054
4347	5055
3816	5056
4389	5057
4812	5058
4431	5059
3876	5060
4473	5061
4844	5062
4515	5063
3936	5064
4557	5065
4876	5066
4599	5067
3996	5068
4641	5069
4908	5070
3605	5071
4075	5072
4699	5073
4117	5074
3665	5075
4159	5076
4731	5077
4201	5078
3725	5079
4243	5080
4763	5081
4285	5082
3785	5083
4327	5084
4795	5085
4369	5086
3845	5087
4411	5088
4827	5089
4453	5090
3905	5091
4495	5092
4859	5093
4537	5094
3965	5095
4579	5096
4891	5097
4621	5098
4025	5099
4663	5100
4685	5101
4077	5102
3637	5103
4119	5104
4717	5105
4161	5106
3697	5107
4203	5108
4749	5109
4245	5110
3757	5111
4287	5112
4781	5113
4329	5114
3817	5115
4371	5116
4813	5117
4413	5118
3877	5119
4455	5120
4845	5121
4497	5122
3937	5123
4539	5124
4877	5125
4581	5126
3997	5127
4623	5128
4909	5129
4665	5130
4054	5131
3608	5132
4096	5133
4700	5134
4138	5135
3668	5136
4180	5137
4732	5138
4222	5139
3728	5140
4264	5141
4764	5142
4306	5143
3788	5144
4348	5145
4796	5146
4390	5147
3848	5148
4432	5149
4828	5150
4474	5151
3908	5152
4516	5153
4860	5154
4558	5155
3968	5156
4600	5157
4892	5158
4642	5159
4028	5160
4056	5161
4686	5162
4098	5163
3640	5164
4140	5165
4718	5166
4182	5167
3700	5168
4224	5169
4750	5170
4266	5171
3760	5172
4308	5173
4782	5174
4350	5175
3820	5176
4392	5177
4814	5178
4434	5179
3880	5180
4476	5181
4846	5182
4518	5183
3940	5184
4560	5185
4878	5186
4602	5187
4000	5188
4644	5189
4910	5190
3609	5191
4078	5192
4701	5193
4120	5194
3669	5195
4162	5196
4733	5197
4204	5198
3729	5199
4246	5200
4765	5201
4288	5202
3789	5203
4330	5204
4797	5205
4372	5206
3849	5207
4414	5208
4829	5209
4456	5210
3909	5211
4498	5212
4861	5213
4540	5214
3969	5215
4582	5216
4893	5217
4624	5218
4029	5219
4666	5220
4687	5221
4080	5222
3641	5223
4122	5224
4719	5225
4164	5226
3701	5227
4206	5228
4751	5229
4248	5230
3761	5231
4290	5232
4783	5233
4332	5234
3821	5235
4374	5236
4815	5237
4416	5238
3881	5239
4458	5240
4847	5241
4500	5242
3941	5243
4542	5244
4879	5245
4584	5246
4001	5247
4626	5248
4911	5249
4668	5250
4057	5251
3612	5252
4099	5253
4702	5254
4141	5255
3672	5256
4183	5257
4734	5258
4225	5259
3732	5260
4267	5261
4766	5262
4309	5263
3792	5264
4351	5265
4798	5266
4393	5267
3852	5268
4435	5269
4830	5270
4477	5271
3912	5272
4519	5273
4862	5274
4561	5275
3972	5276
4603	5277
4894	5278
4645	5279
4032	5280
4059	5281
4688	5282
4101	5283
3644	5284
4143	5285
4720	5286
4185	5287
3704	5288
4227	5289
4752	5290
4269	5291
3764	5292
4311	5293
4784	5294
4353	5295
3824	5296
4395	5297
4816	5298
4437	5299
3884	5300
4479	5301
4848	5302
4521	5303
3944	5304
4563	5305
4880	5306
4605	5307
4004	5308
4647	5309
4912	5310
3613	5311
4081	5312
4703	5313
4123	5314
3673	5315
4165	5316
4735	5317
4207	5318
3733	5319
4249	5320
4767	5321
4291	5322
3793	5323
4333	5324
4799	5325
4375	5326
3853	5327
4417	5328
4831	5329
4459	5330
3913	5331
4501	5332
4863	5333
4543	5334
3973	5335
4585	5336
4895	5337
4627	5338
4033	5339
4669	5340
4689	5341
4083	5342
3645	5343
4125	5344
4721	5345
4167	5346
3705	5347
4209	5348
4753	5349
4251	5350
3765	5351
4293	5352
4785	5353
4335	5354
3825	5355
4377	5356
4817	5357
4419	5358
3885	5359
4461	5360
4849	5361
4503	5362
3945	5363
4545	5364
4881	5365
4587	5366
4005	5367
4629	5368
4913	5369
4671	5370
4060	5371
3616	5372
4102	5373
4704	5374
4144	5375
3676	5376
4186	5377
4736	5378
4228	5379
3736	5380
4270	5381
4768	5382
4312	5383
3796	5384
4354	5385
4800	5386
4396	5387
3856	5388
4438	5389
4832	5390
4480	5391
3916	5392
4522	5393
4864	5394
4564	5395
3976	5396
4606	5397
4896	5398
4648	5399
4036	5400
4062	5401
4690	5402
4104	5403
3648	5404
4146	5405
4722	5406
4188	5407
3708	5408
4230	5409
4754	5410
4272	5411
3768	5412
4314	5413
4786	5414
4356	5415
3828	5416
4398	5417
4818	5418
4440	5419
3888	5420
4482	5421
4850	5422
4524	5423
3948	5424
4566	5425
4882	5426
4608	5427
4008	5428
4650	5429
4914	5430
3617	5431
4084	5432
4705	5433
4126	5434
3677	5435
4168	5436
4737	5437
4210	5438
3737	5439
4252	5440
4769	5441
4294	5442
3797	5443
4336	5444
4801	5445
4378	5446
3857	5447
4420	5448
4833	5449
4462	5450
3917	5451
4504	5452
4865	5453
4546	5454
3977	5455
4588	5456
4897	5457
4630	5458
4037	5459
4672	5460
4691	5461
4086	5462
3649	5463
4128	5464
4723	5465
4170	5466
3709	5467
4212	5468
4755	5469
4254	5470
3769	5471
4296	5472
4787	5473
4338	5474
3829	5475
4380	5476
4819	5477
4422	5478
3889	5479
4464	5480
4851	5481
4506	5482
3949	5483
4548	5484
4883	5485
4590	5486
4009	5487
4632	5488
4915	5489
4674	5490
4063	5491
3620	5492
4105	5493
4706	5494
4147	5495
3680	5496
4189	5497
4738	5498
4231	5499
3740	5500
4273	5501
4770	5502
4315	5503
3800	5504
4357	5505
4802	5506
4399	5507
3860	5508
4441	5509
4834	5510
4483	5511
3920	5512
4525	5513
4866	5514
4567	5515
3980	5516
4609	5517
4898	5518
4651	5519
4040	5520
4065	5521
4692	5522
4107	5523
3652	5524
4149	5525
4724	5526
4191	5527
3712	5528
4233	5529
4756	5530
4275	5531
3772	5532
4317	5533
4788	5534
4359	5535
3832	5536
4401	5537
4820	5538
4443	5539
3892	5540
4485	5541
4852	5542
4527	5543
3952	5544
4569	5545
4884	5546
4611	5547
4012	5548
4653	5549
4916	5550
3621	5551
4087	5552
4707	5553
4129	5554
3681	5555
4171	5556
4739	5557
4213	5558
3741	5559
4255	5560
4771	5561
4297	5562
3801	5563
4339	5564
4803	5565
4381	5566
3861	5567
4423	5568
4835	5569
4465	5570
3921	5571
4507	5572
4867	5573
4549	5574
3981	5575
4591	5576
4899	5577
4633	5578
4041	5579
4675	5580
4693	5581
4089	5582
3653	5583
4131	5584
4725	5585
4173	5586
3713	5587
4215	5588
4757	5589
4257	5590
3773	5591
4299	5592
4789	5593
4341	5594
3833	5595
4383	5596
4821	5597
4425	5598
3893	5599
4467	5600
4853	5601
4509	5602
3953	5603
4551	5604
4885	5605
4593	5606
4013	5607
4635	5608
4917	5609
4677	5610
4066	5611
3624	5612
4108	5613
4708	5614
4150	5615
3684	5616
4192	5617
4740	5618
4234	5619
3744	5620
4276	5621
4772	5622
4318	5623
3804	5624
4360	5625
4804	5626
4402	5627
3864	5628
4444	5629
4836	5630
4486	5631
3924	5632
4528	5633
4868	5634
4570	5635
3984	5636
4612	5637
4900	5638
4654	5639
4044	5640
4068	5641
4694	5642
4110	5643
3656	5644
4152	5645
4726	5646
4194	5647
3716	5648
4236	5649
4758	5650
4278	5651
3776	5652
4320	5653
4790	5654
4362	5655
3836	5656
4404	5657
4822	5658
4446	5659
3896	5660
4488	5661
4854	5662
4530	5663
3956	5664
4572	5665
4886	5666
4614	5667
4016	5668
4656	5669
4918	5670
3625	5671
4090	5672
4709	5673
4132	5674
3685	5675
4174	5676
4741	5677
4216	5678
3745	5679
4258	5680
4773	5681
4300	5682
3805	5683
4342	5684
4805	5685
4384	5686
3865	5687
4426	5688
4837	5689
4468	5690
3925	5691
4510	5692
4869	5693
4552	5694
3985	5695
4594	5696
4901	5697
4636	5698
4045	5699
4678	5700
4695	5701
4092	5702
3657	5703
4134	5704
4727	5705
4176	5706
3717	5707
4218	5708
4759	5709
4260	5710
3777	5711
4302	5712
4791	5713
4344	5714
3837	5715
4386	5716
4823	5717
4428	5718
3897	5719
4470	5720
4855	5721
4512	5722
3957	5723
4554	5724
4887	5725
4596	5726
4017	5727
4638	5728
4919	5729
4680	5730
4069	5731
3628	5732
4111	5733
4710	5734
4153	5735
3688	5736
4195	5737
4742	5738
4237	5739
3748	5740
4279	5741
4774	5742
4321	5743
3808	5744
4363	5745
4806	5746
4405	5747
3868	5748
4447	5749
4838	5750
4489	5751
3928	5752
4531	5753
4870	5754
4573	5755
3988	5756
4615	5757
4902	5758
4657	5759
4048	5760
4071	5761
4696	5762
4113	5763
3660	5764
4155	5765
4728	5766
4197	5767
3720	5768
4239	5769
4760	5770
4281	5771
3780	5772
4323	5773
4792	5774
4365	5775
3840	5776
4407	5777
4824	5778
4449	5779
3900	5780
4491	5781
4856	5782
4533	5783
3960	5784
4575	5785
4888	5786
4617	5787
4020	5788
4659	5789
4920	5790
3629	5791
3630	5792
4711	5793
4712	5794
3689	5795
3690	5796
4743	5797
4744	5798
3749	5799
3750	5800
4775	5801
4776	5802
3809	5803
3810	5804
4807	5805
4808	5806
3869	5807
3870	5808
4839	5809
4840	5810
3929	5811
3930	5812
4871	5813
4872	5814
3989	5815
3990	5816
4903	5817
4904	5818
4049	5819
4050	5820
4921
4922
4923
4924
4925
4926
4927
4928
4929
4930
4931
4932
4933
4934
4935
4936
4937
4938
4939
4940
4941
4942
4943
4944
4945
4946
4947
4948
4949
4950
4951
4952
4953
4954
4955
4956
4957
4958
4959
4960
4961
4962
4963
4964
4965
4966
4967
4968
4969
4970
4971
4972
4973
4974
4975
4976
4977
4978
4979
4980
4981
4982
4983
4984
4985
4986
4987
4988
4989
4990
4991
4992
4993
4994
4995
4996
4997
4998
4999
5000
5001
5002
5003
5004
5005
5006
5007
5008
5009
5010
5011
5012
5013
5014
5015
5016
5017
5018
5019
5020
5021
5022
5023
5024
5025
5026
5027
5028
5029
5030
5031
5032
5033
5034
5035
5036
5037
5038
5039
5040
5041
5042
5043
5044
5045
5046
5047
5048
5049
5050
5051
5052
5053
5054
5055
5056
5057
5058
5059
5060
5061
5062
5063
5064
5065
5066
5067
5068
5069
5070
5071
5072
5073
5074
5075
5076
5077
5078
5079
5080
5081
5082
5083
5084
5085
5086
5087
5088
5089
5090
5091
5092
5093
5094
5095
5096
5097
5098
5099
5100
5101
5102
5103
5104
5105
5106
5107
5108
5109
5110
5111
5112
5113
5114
5115
5116
5117
5118
5119
5120
5121
5122
5123
5124
5125
5126
5127
5128
5129
5130
5131
5132
5133
5134
5135
5136
5137
5138
5139
5140
5141
5142
5143
5144
5145
5146
5147
5148
5149
5150
5151
5152
5153
5154
5155
5156
5157
5158
5159
5160
5161
5162
5163
5164
5165
5166
5167
5168
5169
5170
5171
5172
5173
5174
5175
5176
5177
5178
5179
5180
5181
5182
5183
5184
5185
5186
5187
5188
5189
5190
5191
5192
5193
5194
5195
5196
5197
5198
5199
5200
5201
5202
5203
5204
5205
5206
5207
5208
5209
5210
5211
5212
5213
5214
5215
5216
5217
5218
5219
5220
5221
5222
5223
5224
5225
5226
5227
5228
5229
5230
5231
5232
5233
5234
5235
5236
5237
5238
5239
5240
5241
5242
5243
5244
5245
5246
5247
5248
5249
5250
5251
5252
5253
5254
5255
5256
5257
5258
5259
5260
5261
5262
5263
5264
5265
5266
5267
5268
5269
5270
5271
5272
5273
5274
5275
5276
5277
5278
5279
5280
5281
5282
5283
5284
5285
5286
5287
5288
5289
5290
5291
5292
5293
5294
5295
5296
5297
5298
5299
5300
5301
5302
5303
5304
5305
5306
5307
5308
5309
5310
5311
5312
5313
5314
5315
5316
5317
5318
5319
5320
5321
5322
5323
5324
5325
5326
5327
5328
5329
5330
5331
5332
5333
5334
5335
5336
5337
5338
5339
5340
5341
5342
5343
5344
5345
5346
5347
5348
5349
5350
5351
5352
5353
5354
5355
5356
5357
5358
5359
5360
5361
5362
5363
5364
5365
5366
5367
5368
5369
5370
5371
5372
5373
5374
5375
5376
5377
5378
5379
5380
5381
5382
5383
5384
5385
5386
5387
5388
5389
5390
5391
5392
5393
5394
5395
5396
5397
5398
5399
5400
5401
5402
5403
5404
5405
5406
5407
5408
5409
5410
5411
5412
5413
5414
5415
5416
5417
5418
5419
5420
5421
5422
5423
5424
5425
5426
5427
5428
5429
5430
5431
5432
5433
5434
5435
5436
5437
5438
5439
5440
5441
5442
5443
5444
5445
5446
5447
5448
5449
5450
5451
5452
5453
5454
5455
5456
5457
5458
5459
5460
5461
5462
5463
5464
5465
5466
5467
5468
5469
5470
5471
5472
5473
5474
5475
5476
5477
5478
5479
5480
5481
5482
5483
5484
5485
5486
5487
5488
5489
5490
5491
5492
5493
5494
5495
5496
5497
5498
5499
5500
5501
5502
5503
5504
5505
5506
5507
5508
5509
5510
5511
5512
5513
5514
5515
5516
5517
5518
5519
5520
5521
5522
5523
5524
5525
5526
5527
5528
5529
5530
5531
5532
5533
5534
5535
5536
5537
5538
5539
5540
5541
5542
5543
5544
5545
5546
5547
5548
5549
5550
5551
5552
5553
5554
5555
5556
5557
5558
5559
5560
5561
5562
5563
5564
5565
5566
5567
5568
5569
5570
5571
5572
5573
5574
5575
5576
5577
5578
5579
5580
5581
5582
5583
5584
5585
5586
5587
5588
5589
5590
5591
5592
5593
5594
5595
5596
5597
5598
5599
5600
5601
5602
5603
5604
5605
5606
5607
5608
5609
5610
5611
5612
5613
5614
5615
5616
5617
5618
5619
5620
5621
5622
5623
5624
5625
5626
5627
5628
5629
5630
5631
5632
5633
5634
5635
5636
5637
5638
5639
5640
5641
5642
5643
5644
5645
5646
5647
5648
5649
5650
5651
5652
5653
5654
5655
5656
5657
5658
5659
5660
5661
5662
5663
5664
5665
5666
5667
5668
5669
5670
5671
5672
5673
5674
5675
5676
5677
5678
5679
5680
5681
5682
5683
5684
5685
5686
5687
5688
5689
5690
5691
5692
5693
5694
5695
5696
5697
5698
5699
5700
5701
5702
5703
5704
5705
5706
5707
5708
5709
5710
5711
5712
5713
5714
5715
5716
5717
5718
5719
5720
5721
5722
5723
5724
5725
5726
5727
5728
5729
5730
5731
5732
5733
5734
5735
5736
5737
5738
5739
5740
5741
5742
5743
5744
5745
5746
5747
5748
5749
5750
5751
5752
5753
5754
5755
5756
5757
5758
5759
5760
5761
5762
5763
5764
5765
5766
5767
5768
5769
5770
5771
5772
5773
5774
5775
5776
5777
5778
5779
5780
5781
5782
5783
5784
5785
5786
5787
5788
5789
5790
5791
5792
5793
5794
5795
5796
5797
5798
5799
5800
5801
5802
5803
5804
5805
5806
5807
5808
5809
5810
5811
5812
5813
5814
5815
5816
5817
5818
5819
5820
