1
2
3
4
5
6
7
8
9
10
11
12
13
14
15
16
17
18
19
20
21
22
23
24
25
26
27
28
29
30
31
32
33
34
35
36
37
38
39
40
41
42
43
44
45
46
47
48
49
50
51
52
53
54
55
56
57
58
59
60
61
62
63
64
1	65
2	66
3	67
4	68
5	69
6	70
7	71
8	72
9	73
10	74
11	75
12	76
13	77
14	78
15	79
16	80
17	81
18	82
19	83
20	84
21	85
22	86
23	87
24	88
25	89
26	90
27	91
28	92
29	93
30	94
31	95
32	96
33	97
34	98
35	99
36	100
37	101
38	102
39	103
40	104
41	105
42	106
43	107
44	108
45	109
46	110
47	111
48	112
49	113
50	114
51	115
52	116
53	117
54	118
55	119
56	120
57	121
58	122
59	123
60	124
61	125
62	126
63	127
64	128
73	129	130
74	131	130
89	132	133
90	134	133
105	135	136
106	137	136
121	138	139
122	140	139
67	141	142
68	143	142
83	144	145
84	146	145
99	147	148
100	149	148
115	150	151
116	152	151
77	153	154
78	155	154
93	156	157
94	158	157
109	159	160
110	161	160
125	162	163
126	164	163
71	165	166
72	167	166
87	168	169
88	170	169
103	171	172
104	173	172
119	174	175
120	176	175
65	177
66	178
69	179
70	180
75	181
76	182
79	183
80	184
81	185
82	186
85	187
86	188
91	189
92	190
95	191
96	192
97	193
98	194
101	195
102	196
107	197
108	198
111	199
112	200
113	201
114	202
117	203
118	204
123	205
124	206
127	207
128	208
177	209	210
178	211	210
185	212	213
186	214	213
193	215	216
194	217	216
201	218	219
202	220	219
181	221	222
182	223	222
189	224	225
190	226	225
197	227	228
198	229	228
205	230	231
206	232	231
179	233	234
180	235	234
187	236	237
188	238	237
195	239	240
196	241	240
203	242	243
204	244	243
183	245	246
184	247	246
191	248	249
192	250	249
199	251	252
200	253	252
207	254	255
208	256	255
129	257
131	258
132	259
134	260
135	261
137	262
138	263
140	264
141	265
143	266
144	267
146	268
147	269
149	270
150	271
152	272
153	273
155	274
156	275
158	276
159	277
161	278
162	279
164	280
165	281
167	282
168	283
170	284
171	285
173	286
174	287
176	288
259	289	290
215	291	290
258	292	293
214	294	293
262	295	296
220	297	296
224	298	299
269	300	299
223	301	302
268	303	302
229	304	305
272	306	305
275	307	308
239	309	308
274	310	311
238	312	311
278	313	314
244	315	314
248	316	317
285	318	317
247	319	320
284	321	320
253	322	323
288	324	323
209	325
211	326
212	327
217	328
218	329
221	330
226	331
227	332
230	333
232	334
233	335
235	336
236	337
241	338
242	339
245	340
250	341
251	342
254	343
256	344
325	345
326	346
265	347
266	348
335	349
336	350
281	351
282	352
257	353
292	354
330	355
301	356
273	357
310	358
340	359
319	360
327	361
294	362
267	363
303	364
337	365
312	366
283	367
321	368
289	369
260	370
298	371
331	372
307	373
276	374
316	375
341	376
291	377
328	378
300	379
270	380
309	381
338	382
318	383
286	384
261	385
295	386
332	387
304	388
277	389
313	390
342	391
322	392
329	393
297	394
271	395
306	396
339	397
315	398
287	399
324	400
263	401
264	402
333	403
334	404
279	405
280	406
343	407
344	408
345
346
347
348
349
350
351
352
353
354
355
356
357
358
359
360
361
362
363
364
365
366
367
368
369
370
371
372
373
374
375
376
377
378
379
380
381
382
383
384
385
386
387
388
389
390
391
392
393
394
395
396
397
398
399
400
401
402
403
404
405
406
407
408
