1
2
3
4
5
6
7
8
9
10
11
12
13
14
15
16
17
18
19
20
21
22
23
24
25
26
27
28
29
30
31
32
33
34
35
36
37
38
39
40
41
42
43
44
45
46
47
48
49
50
51
52
53
54
55
56
57
58
59
60
61
62
63
64
65
66
67
68
69
70
71
72
73
74
75
76
77
78
79
80
81
82
83
84
85
86
87
88
89
90
91
92
93
94
95
96
97
98
99
100
1	101
2	102
3	103
4	104
5	105
6	106
7	107
8	108
9	109
10	110
11	111
12	112
13	113
14	114
15	115
16	116
17	117
18	118
19	119
20	120
21	121
22	122
23	123
24	124
25	125
26	126
27	127
28	128
29	129
30	130
31	131
32	132
33	133
34	134
35	135
36	136
37	137
38	138
39	139
40	140
41	141
42	142
43	143
44	144
45	145
46	146
47	147
48	148
49	149
50	150
51	151
52	152
53	153
54	154
55	155
56	156
57	157
58	158
59	159
60	160
61	161
62	162
63	163
64	164
65	165
66	166
67	167
68	168
69	169
70	170
71	171
72	172
73	173
74	174
75	175
76	176
77	177
78	178
79	179
80	180
81	181
82	182
83	183
84	184
85	185
86	186
87	187
88	188
89	189
90	190
91	191
92	192
93	193
94	194
95	195
96	196
97	197
98	198
99	199
100	200
111	201	202
112	203	202
131	204	205
132	206	205
151	207	208
152	209	208
171	210	211
172	212	211
191	213	214
192	215	214
103	216	217
104	218	217
123	219	220
124	221	220
143	222	223
144	224	223
163	225	226
164	227	226
183	228	229
184	230	229
115	231	232
116	233	232
135	234	235
136	236	235
155	237	238
156	239	238
175	240	241
176	242	241
195	243	244
196	245	244
107	246	247
108	248	247
127	249	250
128	251	250
147	252	253
148	254	253
167	255	256
168	257	256
187	258	259
188	260	259
119	261	262
120	263	262
139	264	265
140	266	265
159	267	268
160	269	268
179	270	271
180	272	271
199	273	274
200	275	274
101	276
102	277
105	278
106	279
109	280
110	281
113	282
114	283
117	284
118	285
121	286
122	287
125	288
126	289
129	290
130	291
133	292
134	293
137	294
138	295
141	296
142	297
145	298
146	299
149	300
150	301
153	302
154	303
157	304
158	305
161	306
162	307
165	308
166	309
169	310
170	311
173	312
174	313
177	314
178	315
181	316
182	317
185	318
186	319
189	320
190	321
193	322
194	323
197	324
198	325
276	326	327
277	328	327
286	329	330
287	331	330
296	332	333
297	334	333
306	335	336
307	337	336
316	338	339
317	340	339
282	341	342
283	343	342
292	344	345
293	346	345
302	347	348
303	349	348
312	350	351
313	352	351
322	353	354
323	355	354
278	356	357
279	358	357
288	359	360
289	361	360
298	362	363
299	364	363
308	365	366
309	367	366
318	368	369
319	370	369
284	371	372
285	373	372
294	374	375
295	376	375
304	377	378
305	379	378
314	380	381
315	382	381
324	383	384
325	385	384
280	386	387
281	388	387
290	389	390
291	391	390
300	392	393
301	394	393
310	395	396
311	397	396
320	398	399
321	400	399
201	401
203	402
204	403
206	404
207	405
209	406
210	407
212	408
213	409
215	410
216	411
218	412
219	413
221	414
222	415
224	416
225	417
227	418
228	419
230	420
231	421
233	422
234	423
236	424
237	425
239	426
240	427
242	428
243	429
245	430
246	431
248	432
249	433
251	434
252	435
254	436
255	437
257	438
258	439
260	440
261	441
263	442
264	443
266	444
267	445
269	446
270	447
272	448
273	449
275	450
403	451	452
332	453	452
407	454	455
338	456	455
402	457	458
331	459	458
406	460	461
337	462	461
344	463	464
415	465	464
350	466	467
419	468	467
343	469	470
414	471	470
349	472	473
418	474	473
423	475	476
362	477	476
427	478	479
368	480	479
422	481	482
361	483	482
426	484	485
367	486	485
374	487	488
435	489	488
380	490	491
439	492	491
373	493	494
434	495	494
379	496	497
438	498	497
443	499	500
392	501	500
447	502	503
398	504	503
442	505	506
391	507	506
446	508	509
397	510	509
326	511
328	512
329	513
334	514
335	515
340	516
341	517
346	518
347	519
352	520
353	521
355	522
356	523
358	524
359	525
364	526
365	527
370	528
371	529
376	530
377	531
382	532
383	533
385	534
386	535
388	536
389	537
394	538
395	539
400	540
401	541	542
513	543	542
405	544	545
515	546	545
404	547	548
514	549	548
408	550	551
516	552	551
517	553	554
413	555	554
519	556	557
417	558	557
518	559	560
416	561	560
520	562	563
420	564	563
421	565	566
525	567	566
425	568	569
527	570	569
424	571	572
526	573	572
428	574	575
528	576	575
529	577	578
433	579	578
531	580	581
437	582	581
530	583	584
436	585	584
532	586	587
440	588	587
441	589	590
537	591	590
445	592	593
539	594	593
444	595	596
538	597	596
448	598	599
540	600	599
451	601
453	602
454	603
456	604
457	605
459	606
460	607
462	608
463	609
465	610
466	611
468	612
469	613
471	614
472	615
474	616
475	617
477	618
478	619
480	620
481	621
483	622
484	623
486	624
487	625
489	626
490	627
492	628
493	629
495	630
496	631
498	632
499	633
501	634
502	635
504	636
505	637
507	638
508	639
510	640
605	641	642
553	643	642
547	644	645
609	646	645
607	647	648
556	649	648
550	650	651
611	652	651
410	653	654
521	655	654
412	656	657
523	658	657
614	659	660
567	661	660
561	662	663
618	664	663
616	665	666
570	667	666
564	668	669
620	670	669
621	671	672
577	673	672
571	674	675
625	676	675
623	677	678
580	679	678
574	680	681
627	682	681
430	683	684
533	685	684
432	686	687
535	688	687
630	689	690
591	691	690
585	692	693
634	694	693
632	695	696
594	697	696
588	698	699
636	700	699
541	701
543	702
544	703
546	704
549	705
552	706
555	707
558	708
559	709
562	710
565	711
568	712
573	713
576	714
579	715
582	716
583	717
586	718
589	719
592	720
595	721
597	722
598	723
600	724
512	725	726
411	727	726
606	728	729
707	730	729
705	731	732
610	733	732
608	734	735
708	736	735
706	737	738
612	739	738
613	740	741
711	742	741
709	743	744
617	745	744
615	746	747
712	748	747
710	749	750
619	751	750
522	752	753
429	754	753
524	755	756
431	757	756
622	758	759
715	760	759
713	761	762
626	763	762
624	764	765
716	766	765
714	767	768
628	769	768
629	770	771
719	772	771
717	773	774
633	775	774
631	776	777
720	778	777
718	779	780
635	781	780
534	782	783
449	784	783
641	785
643	786
644	787
646	788
647	789
649	790
650	791
652	792
653	793
655	794
656	795
658	796
659	797
661	798
662	799
664	800
665	801
667	802
668	803
670	804
671	805
673	806
674	807
676	808
677	809
679	810
680	811
682	812
683	813
685	814
686	815
688	816
689	817
691	818
692	819
694	820
695	821
697	822
698	823
700	824
511	825	826
701	827	826
602	828	829
703	830	829
604	831	832
409	833	832
728	834	835
787	836	835
734	837	838
791	839	838
727	840	841
786	842	841
733	843	844
790	845	844
739	846	847
794	848	847
797	849	850
743	851	850
801	852	853
749	854	853
796	855	856
742	857	856
800	858	859
748	860	859
804	861	862
754	863	862
758	864	865
807	866	865
764	867	868
811	869	868
757	870	871
806	872	871
763	873	874
810	875	874
769	876	877
814	878	877
817	879	880
773	881	880
821	882	883
779	884	883
816	885	886
772	887	886
820	888	889
778	890	889
824	891	892
784	893	892
638	894	895
721	896	895
640	897	898
723	899	898
725	900
730	901
731	902
736	903
737	904
740	905
745	906
746	907
751	908
752	909
755	910
760	911
761	912
766	913
767	914
770	915
775	916
776	917
781	918
782	919
702	920	921
601	922	921
704	923	924
603	925	924
900	926	927
785	928	927
902	929	930
789	931	930
904	932	933
793	934	933
901	935	936
788	937	936
903	938	939
792	940	939
795	941	942
905	943	942
799	944	945
907	946	945
803	947	948
909	949	948
798	950	951
906	952	951
802	953	954
908	955	954
910	956	957
805	958	957
912	959	960
809	961	960
914	962	963
813	964	963
911	965	966
808	967	966
913	968	969
812	970	969
815	971	972
915	973	972
819	974	975
917	976	975
823	977	978
919	979	978
818	980	981
916	982	981
822	983	984
918	985	984
536	986	987
637	988	987
722	989	990
639	991	990
724	992	993
450	994	993
825	995
827	996
828	997
830	998
831	999
833	1000
834	1001
836	1002
837	1003
839	1004
840	1005
842	1006
843	1007
845	1008
846	1009
848	1010
849	1011
851	1012
852	1013
854	1014
855	1015
857	1016
858	1017
860	1018
861	1019
863	1020
864	1021
866	1022
867	1023
869	1024
870	1025
872	1026
873	1027
875	1028
876	1029
878	1030
879	1031
881	1032
882	1033
884	1034
885	1035
887	1036
888	1037
890	1038
891	1039
893	1040
894	1041
896	1042
897	1043
899	1044
995	1045
926	1046
1005	1047
941	1048
1015	1049
956	1050
1025	1051
971	1052
1035	1053
986	1054
996	1055
928	1056
1006	1057
943	1058
1016	1059
958	1060
1026	1061
973	1062
1036	1063
988	1064
920	1065
1001	1066
935	1067
1011	1068
950	1069
1021	1070
965	1071
1031	1072
980	1073
1041	1074
922	1075
1002	1076
937	1077
1012	1078
952	1079
1022	1080
967	1081
1032	1082
982	1083
1042	1084
997	1085
929	1086
1007	1087
944	1088
1017	1089
959	1090
1027	1091
974	1092
1037	1093
989	1094
998	1095
931	1096
1008	1097
946	1098
1018	1099
961	1100
1028	1101
976	1102
1038	1103
991	1104
923	1105
1003	1106
938	1107
1013	1108
953	1109
1023	1110
968	1111
1033	1112
983	1113
1043	1114
925	1115
1004	1116
940	1117
1014	1118
955	1119
1024	1120
970	1121
1034	1122
985	1123
1044	1124
999	1125
932	1126
1009	1127
947	1128
1019	1129
962	1130
1029	1131
977	1132
1039	1133
992	1134
1000	1135
934	1136
1010	1137
949	1138
1020	1139
964	1140
1030	1141
979	1142
1040	1143
994	1144
1045
1046
1047
1048
1049
1050
1051
1052
1053
1054
1055
1056
1057
1058
1059
1060
1061
1062
1063
1064
1065
1066
1067
1068
1069
1070
1071
1072
1073
1074
1075
1076
1077
1078
1079
1080
1081
1082
1083
1084
1085
1086
1087
1088
1089
1090
1091
1092
1093
1094
1095
1096
1097
1098
1099
1100
1101
1102
1103
1104
1105
1106
1107
1108
1109
1110
1111
1112
1113
1114
1115
1116
1117
1118
1119
1120
1121
1122
1123
1124
1125
1126
1127
1128
1129
1130
1131
1132
1133
1134
1135
1136
1137
1138
1139
1140
1141
1142
1143
1144
