1
2
3
4
5
6
7
8
9
10
11
12
13
14
15
16
17
18
19
20
21
22
23
24
25
26
27
28
29
30
31
32
33
34
35
36
37
38
39
40
41
42
43
44
45
46
47
48
49
50
51
52
53
54
55
56
57
58
59
60
61
62
63
64
65
66
67
68
69
70
71
72
73
74
75
76
77
78
79
80
81
82
83
84
85
86
87
88
89
90
91
92
93
94
95
96
97
98
99
100
101
102
103
104
105
106
107
108
109
110
111
112
113
114
115
116
117
118
119
120
121
122
123
124
125
126
127
128
129
130
131
132
133
134
135
136
137
138
139
140
141
142
143
144
145
146
147
148
149
150
151
152
153
154
155
156
157
158
159
160
161
162
163
164
165
166
167
168
169
170
171
172
173
174
175
176
177
178
179
180
181
182
183
184
185
186
187
188
189
190
191
192
193
194
195
196
197
198
199
200
201
202
203
204
205
206
207
208
209
210
211
212
213
214
215
216
217
218
219
220
221
222
223
224
225
226
227
228
229
230
231
232
233
234
235
236
237
238
239
240
241
242
243
244
245
246
247
248
249
250
251
252
253
254
255
256
1	257
2	258
3	259
4	260
5	261
6	262
7	263
8	264
9	265
10	266
11	267
12	268
13	269
14	270
15	271
16	272
17	273
18	274
19	275
20	276
21	277
22	278
23	279
24	280
25	281
26	282
27	283
28	284
29	285
30	286
31	287
32	288
33	289
34	290
35	291
36	292
37	293
38	294
39	295
40	296
41	297
42	298
43	299
44	300
45	301
46	302
47	303
48	304
49	305
50	306
51	307
52	308
53	309
54	310
55	311
56	312
57	313
58	314
59	315
60	316
61	317
62	318
63	319
64	320
65	321
66	322
67	323
68	324
69	325
70	326
71	327
72	328
73	329
74	330
75	331
76	332
77	333
78	334
79	335
80	336
81	337
82	338
83	339
84	340
85	341
86	342
87	343
88	344
89	345
90	346
91	347
92	348
93	349
94	350
95	351
96	352
97	353
98	354
99	355
100	356
101	357
102	358
103	359
104	360
105	361
106	362
107	363
108	364
109	365
110	366
111	367
112	368
113	369
114	370
115	371
116	372
117	373
118	374
119	375
120	376
121	377
122	378
123	379
124	380
125	381
126	382
127	383
128	384
129	385
130	386
131	387
132	388
133	389
134	390
135	391
136	392
137	393
138	394
139	395
140	396
141	397
142	398
143	399
144	400
145	401
146	402
147	403
148	404
149	405
150	406
151	407
152	408
153	409
154	410
155	411
156	412
157	413
158	414
159	415
160	416
161	417
162	418
163	419
164	420
165	421
166	422
167	423
168	424
169	425
170	426
171	427
172	428
173	429
174	430
175	431
176	432
177	433
178	434
179	435
180	436
181	437
182	438
183	439
184	440
185	441
186	442
187	443
188	444
189	445
190	446
191	447
192	448
193	449
194	450
195	451
196	452
197	453
198	454
199	455
200	456
201	457
202	458
203	459
204	460
205	461
206	462
207	463
208	464
209	465
210	466
211	467
212	468
213	469
214	470
215	471
216	472
217	473
218	474
219	475
220	476
221	477
222	478
223	479
224	480
225	481
226	482
227	483
228	484
229	485
230	486
231	487
232	488
233	489
234	490
235	491
236	492
237	493
238	494
239	495
240	496
241	497
242	498
243	499
244	500
245	501
246	502
247	503
248	504
249	505
250	506
251	507
252	508
253	509
254	510
255	511
256	512
273	513	514
274	515	514
305	516	517
306	518	517
337	519	520
338	521	520
369	522	523
370	524	523
401	525	526
402	527	526
433	528	529
434	530	529
465	531	532
466	533	532
497	534	535
498	536	535
259	537	538
260	539	538
291	540	541
292	542	541
323	543	544
324	545	544
355	546	547
356	548	547
387	549	550
388	551	550
419	552	553
420	554	553
451	555	556
452	557	556
483	558	559
484	560	559
277	561	562
278	563	562
309	564	565
310	566	565
341	567	568
342	569	568
373	570	571
374	572	571
405	573	574
406	575	574
437	576	577
438	578	577
469	579	580
470	581	580
501	582	583
502	584	583
263	585	586
264	587	586
295	588	589
296	590	589
327	591	592
328	593	592
359	594	595
360	596	595
391	597	598
392	599	598
423	600	601
424	602	601
455	603	604
456	605	604
487	606	607
488	608	607
281	609	610
282	611	610
313	612	613
314	614	613
345	615	616
346	617	616
377	618	619
378	620	619
409	621	622
410	623	622
441	624	625
442	626	625
473	627	628
474	629	628
505	630	631
506	632	631
267	633	634
268	635	634
299	636	637
300	638	637
331	639	640
332	641	640
363	642	643
364	644	643
395	645	646
396	647	646
427	648	649
428	650	649
459	651	652
460	653	652
491	654	655
492	656	655
285	657	658
286	659	658
317	660	661
318	662	661
349	663	664
350	665	664
381	666	667
382	668	667
413	669	670
414	671	670
445	672	673
446	674	673
477	675	676
478	677	676
509	678	679
510	680	679
271	681	682
272	683	682
303	684	685
304	686	685
335	687	688
336	689	688
367	690	691
368	692	691
399	693	694
400	695	694
431	696	697
432	698	697
463	699	700
464	701	700
495	702	703
496	704	703
257	705
258	706
261	707
262	708
265	709
266	710
269	711
270	712
275	713
276	714
279	715
280	716
283	717
284	718
287	719
288	720
289	721
290	722
293	723
294	724
297	725
298	726
301	727
302	728
307	729
308	730
311	731
312	732
315	733
316	734
319	735
320	736
321	737
322	738
325	739
326	740
329	741
330	742
333	743
334	744
339	745
340	746
343	747
344	748
347	749
348	750
351	751
352	752
353	753
354	754
357	755
358	756
361	757
362	758
365	759
366	760
371	761
372	762
375	763
376	764
379	765
380	766
383	767
384	768
385	769
386	770
389	771
390	772
393	773
394	774
397	775
398	776
403	777
404	778
407	779
408	780
411	781
412	782
415	783
416	784
417	785
418	786
421	787
422	788
425	789
426	790
429	791
430	792
435	793
436	794
439	795
440	796
443	797
444	798
447	799
448	800
449	801
450	802
453	803
454	804
457	805
458	806
461	807
462	808
467	809
468	810
471	811
472	812
475	813
476	814
479	815
480	816
481	817
482	818
485	819
486	820
489	821
490	822
493	823
494	824
499	825
500	826
503	827
504	828
507	829
508	830
511	831
512	832
705	833	834
706	835	834
721	836	837
722	838	837
737	839	840
738	841	840
753	842	843
754	844	843
769	845	846
770	847	846
785	848	849
786	850	849
801	851	852
802	853	852
817	854	855
818	856	855
713	857	858
714	859	858
729	860	861
730	862	861
745	863	864
746	865	864
761	866	867
762	868	867
777	869	870
778	871	870
793	872	873
794	874	873
809	875	876
810	877	876
825	878	879
826	880	879
707	881	882
708	883	882
723	884	885
724	886	885
739	887	888
740	889	888
755	890	891
756	892	891
771	893	894
772	895	894
787	896	897
788	898	897
803	899	900
804	901	900
819	902	903
820	904	903
715	905	906
716	907	906
731	908	909
732	910	909
747	911	912
748	913	912
763	914	915
764	916	915
779	917	918
780	919	918
795	920	921
796	922	921
811	923	924
812	925	924
827	926	927
828	928	927
709	929	930
710	931	930
725	932	933
726	934	933
741	935	936
742	937	936
757	938	939
758	940	939
773	941	942
774	943	942
789	944	945
790	946	945
805	947	948
806	949	948
821	950	951
822	952	951
717	953	954
718	955	954
733	956	957
734	958	957
749	959	960
750	961	960
765	962	963
766	964	963
781	965	966
782	967	966
797	968	969
798	970	969
813	971	972
814	973	972
829	974	975
830	976	975
711	977	978
712	979	978
727	980	981
728	982	981
743	983	984
744	985	984
759	986	987
760	988	987
775	989	990
776	991	990
791	992	993
792	994	993
807	995	996
808	997	996
823	998	999
824	1000	999
719	1001	1002
720	1003	1002
735	1004	1005
736	1006	1005
751	1007	1008
752	1009	1008
767	1010	1011
768	1012	1011
783	1013	1014
784	1015	1014
799	1016	1017
800	1018	1017
815	1019	1020
816	1021	1020
831	1022	1023
832	1024	1023
513	1025
515	1026
516	1027
518	1028
519	1029
521	1030
522	1031
524	1032
525	1033
527	1034
528	1035
530	1036
531	1037
533	1038
534	1039
536	1040
537	1041
539	1042
540	1043
542	1044
543	1045
545	1046
546	1047
548	1048
549	1049
551	1050
552	1051
554	1052
555	1053
557	1054
558	1055
560	1056
561	1057
563	1058
564	1059
566	1060
567	1061
569	1062
570	1063
572	1064
573	1065
575	1066
576	1067
578	1068
579	1069
581	1070
582	1071
584	1072
585	1073
587	1074
588	1075
590	1076
591	1077
593	1078
594	1079
596	1080
597	1081
599	1082
600	1083
602	1084
603	1085
605	1086
606	1087
608	1088
609	1089
611	1090
612	1091
614	1092
615	1093
617	1094
618	1095
620	1096
621	1097
623	1098
624	1099
626	1100
627	1101
629	1102
630	1103
632	1104
633	1105
635	1106
636	1107
638	1108
639	1109
641	1110
642	1111
644	1112
645	1113
647	1114
648	1115
650	1116
651	1117
653	1118
654	1119
656	1120
657	1121
659	1122
660	1123
662	1124
663	1125
665	1126
666	1127
668	1128
669	1129
671	1130
672	1131
674	1132
675	1133
677	1134
678	1135
680	1136
681	1137
683	1138
684	1139
686	1140
687	1141
689	1142
690	1143
692	1144
693	1145
695	1146
696	1147
698	1148
699	1149
701	1150
702	1151
704	1152
1027	1153	1154
839	1155	1154
1031	1156	1157
845	1158	1157
1035	1159	1160
851	1161	1160
1026	1162	1163
838	1164	1163
1030	1165	1166
844	1167	1166
1034	1168	1169
850	1170	1169
1038	1171	1172
856	1173	1172
860	1174	1175
1045	1176	1175
866	1177	1178
1049	1179	1178
872	1180	1181
1053	1182	1181
859	1183	1184
1044	1185	1184
865	1186	1187
1048	1188	1187
871	1189	1190
1052	1191	1190
877	1192	1193
1056	1194	1193
1059	1195	1196
887	1197	1196
1063	1198	1199
893	1200	1199
1067	1201	1202
899	1203	1202
1058	1204	1205
886	1206	1205
1062	1207	1208
892	1209	1208
1066	1210	1211
898	1212	1211
1070	1213	1214
904	1215	1214
908	1216	1217
1077	1218	1217
914	1219	1220
1081	1221	1220
920	1222	1223
1085	1224	1223
907	1225	1226
1076	1227	1226
913	1228	1229
1080	1230	1229
919	1231	1232
1084	1233	1232
925	1234	1235
1088	1236	1235
1091	1237	1238
935	1239	1238
1095	1240	1241
941	1242	1241
1099	1243	1244
947	1245	1244
1090	1246	1247
934	1248	1247
1094	1249	1250
940	1251	1250
1098	1252	1253
946	1254	1253
1102	1255	1256
952	1257	1256
956	1258	1259
1109	1260	1259
962	1261	1262
1113	1263	1262
968	1264	1265
1117	1266	1265
955	1267	1268
1108	1269	1268
961	1270	1271
1112	1272	1271
967	1273	1274
1116	1275	1274
973	1276	1277
1120	1278	1277
1123	1279	1280
983	1281	1280
1127	1282	1283
989	1284	1283
1131	1285	1286
995	1287	1286
1122	1288	1289
982	1290	1289
1126	1291	1292
988	1293	1292
1130	1294	1295
994	1296	1295
1134	1297	1298
1000	1299	1298
1004	1300	1301
1141	1302	1301
1010	1303	1304
1145	1305	1304
1016	1306	1307
1149	1308	1307
1003	1309	1310
1140	1311	1310
1009	1312	1313
1144	1314	1313
1015	1315	1316
1148	1317	1316
1021	1318	1319
1152	1320	1319
833	1321
835	1322
836	1323
841	1324
842	1325
847	1326
848	1327
853	1328
854	1329
857	1330
862	1331
863	1332
868	1333
869	1334
874	1335
875	1336
878	1337
880	1338
881	1339
883	1340
884	1341
889	1342
890	1343
895	1344
896	1345
901	1346
902	1347
905	1348
910	1349
911	1350
916	1351
917	1352
922	1353
923	1354
926	1355
928	1356
929	1357
931	1358
932	1359
937	1360
938	1361
943	1362
944	1363
949	1364
950	1365
953	1366
958	1367
959	1368
964	1369
965	1370
970	1371
971	1372
974	1373
976	1374
977	1375
979	1376
980	1377
985	1378
986	1379
991	1380
992	1381
997	1382
998	1383
1001	1384
1006	1385
1007	1386
1012	1387
1013	1388
1018	1389
1019	1390
1022	1391
1024	1392
1321	1393
1322	1394
1041	1395
1042	1396
1339	1397
1340	1398
1073	1399
1074	1400
1357	1401
1358	1402
1105	1403
1106	1404
1375	1405
1376	1406
1137	1407
1138	1408
1025	1409
1162	1410
1330	1411
1183	1412
1057	1413
1204	1414
1348	1415
1225	1416
1089	1417
1246	1418
1366	1419
1267	1420
1121	1421
1288	1422
1384	1423
1309	1424
1323	1425
1164	1426
1043	1427
1185	1428
1341	1429
1206	1430
1075	1431
1227	1432
1359	1433
1248	1434
1107	1435
1269	1436
1377	1437
1290	1438
1139	1439
1311	1440
1153	1441
1028	1442
1174	1443
1331	1444
1195	1445
1060	1446
1216	1447
1349	1448
1237	1449
1092	1450
1258	1451
1367	1452
1279	1453
1124	1454
1300	1455
1385	1456
1155	1457
1324	1458
1176	1459
1046	1460
1197	1461
1342	1462
1218	1463
1078	1464
1239	1465
1360	1466
1260	1467
1110	1468
1281	1469
1378	1470
1302	1471
1142	1472
1029	1473
1165	1474
1332	1475
1186	1476
1061	1477
1207	1478
1350	1479
1228	1480
1093	1481
1249	1482
1368	1483
1270	1484
1125	1485
1291	1486
1386	1487
1312	1488
1325	1489
1167	1490
1047	1491
1188	1492
1343	1493
1209	1494
1079	1495
1230	1496
1361	1497
1251	1498
1111	1499
1272	1500
1379	1501
1293	1502
1143	1503
1314	1504
1156	1505
1032	1506
1177	1507
1333	1508
1198	1509
1064	1510
1219	1511
1351	1512
1240	1513
1096	1514
1261	1515
1369	1516
1282	1517
1128	1518
1303	1519
1387	1520
1158	1521
1326	1522
1179	1523
1050	1524
1200	1525
1344	1526
1221	1527
1082	1528
1242	1529
1362	1530
1263	1531
1114	1532
1284	1533
1380	1534
1305	1535
1146	1536
1033	1537
1168	1538
1334	1539
1189	1540
1065	1541
1210	1542
1352	1543
1231	1544
1097	1545
1252	1546
1370	1547
1273	1548
1129	1549
1294	1550
1388	1551
1315	1552
1327	1553
1170	1554
1051	1555
1191	1556
1345	1557
1212	1558
1083	1559
1233	1560
1363	1561
1254	1562
1115	1563
1275	1564
1381	1565
1296	1566
1147	1567
1317	1568
1159	1569
1036	1570
1180	1571
1335	1572
1201	1573
1068	1574
1222	1575
1353	1576
1243	1577
1100	1578
1264	1579
1371	1580
1285	1581
1132	1582
1306	1583
1389	1584
1161	1585
1328	1586
1182	1587
1054	1588
1203	1589
1346	1590
1224	1591
1086	1592
1245	1593
1364	1594
1266	1595
1118	1596
1287	1597
1382	1598
1308	1599
1150	1600
1037	1601
1171	1602
1336	1603
1192	1604
1069	1605
1213	1606
1354	1607
1234	1608
1101	1609
1255	1610
1372	1611
1276	1612
1133	1613
1297	1614
1390	1615
1318	1616
1329	1617
1173	1618
1055	1619
1194	1620
1347	1621
1215	1622
1087	1623
1236	1624
1365	1625
1257	1626
1119	1627
1278	1628
1383	1629
1299	1630
1151	1631
1320	1632
1039	1633
1040	1634
1337	1635
1338	1636
1071	1637
1072	1638
1355	1639
1356	1640
1103	1641
1104	1642
1373	1643
1374	1644
1135	1645
1136	1646
1391	1647
1392	1648
1393
1394
1395
1396
1397
1398
1399
1400
1401
1402
1403
1404
1405
1406
1407
1408
1409
1410
1411
1412
1413
1414
1415
1416
1417
1418
1419
1420
1421
1422
1423
1424
1425
1426
1427
1428
1429
1430
1431
1432
1433
1434
1435
1436
1437
1438
1439
1440
1441
1442
1443
1444
1445
1446
1447
1448
1449
1450
1451
1452
1453
1454
1455
1456
1457
1458
1459
1460
1461
1462
1463
1464
1465
1466
1467
1468
1469
1470
1471
1472
1473
1474
1475
1476
1477
1478
1479
1480
1481
1482
1483
1484
1485
1486
1487
1488
1489
1490
1491
1492
1493
1494
1495
1496
1497
1498
1499
1500
1501
1502
1503
1504
1505
1506
1507
1508
1509
1510
1511
1512
1513
1514
1515
1516
1517
1518
1519
1520
1521
1522
1523
1524
1525
1526
1527
1528
1529
1530
1531
1532
1533
1534
1535
1536
1537
1538
1539
1540
1541
1542
1543
1544
1545
1546
1547
1548
1549
1550
1551
1552
1553
1554
1555
1556
1557
1558
1559
1560
1561
1562
1563
1564
1565
1566
1567
1568
1569
1570
1571
1572
1573
1574
1575
1576
1577
1578
1579
1580
1581
1582
1583
1584
1585
1586
1587
1588
1589
1590
1591
1592
1593
1594
1595
1596
1597
1598
1599
1600
1601
1602
1603
1604
1605
1606
1607
1608
1609
1610
1611
1612
1613
1614
1615
1616
1617
1618
1619
1620
1621
1622
1623
1624
1625
1626
1627
1628
1629
1630
1631
1632
1633
1634
1635
1636
1637
1638
1639
1640
1641
1642
1643
1644
1645
1646
1647
1648
