1
2
3
4
5
6
7
8
9
10
11
12
13
14
15
16
17
18
19
20
21
22
23
24
25
26
27
28
29
30
31
32
33
34
35
36
1	37
2	38
3	39
4	40
5	41
6	42
7	43
8	44
9	45
10	46
11	47
12	48
13	49
14	50
15	51
16	52
17	53
18	54
19	55
20	56
21	57
22	58
23	59
24	60
25	61
26	62
27	63
28	64
29	65
30	66
31	67
32	68
33	69
34	70
35	71
36	72
43	73	74
44	75	74
55	76	77
56	78	77
67	79	80
68	81	80
39	82	83
40	84	83
51	85	86
52	87	86
63	88	89
64	90	89
47	91	92
48	93	92
59	94	95
60	96	95
71	97	98
72	99	98
37	100
38	101
41	102
42	103
45	104
46	105
49	106
50	107
53	108
54	109
57	110
58	111
61	112
62	113
65	114
66	115
69	116
70	117
100	118	119
101	120	119
106	121	122
107	123	122
112	124	125
113	126	125
104	127	128
105	129	128
110	130	131
111	132	131
116	133	134
117	135	134
102	136	137
103	138	137
108	139	140
109	141	140
114	142	143
115	144	143
73	145
75	146
76	147
78	148
79	149
81	150
82	151
84	152
85	153
87	154
88	155
90	156
91	157
93	158
94	159
96	160
97	161
99	162
147	163	164
124	165	164
146	166	167
123	168	167
130	169	170
155	171	170
129	172	173
154	174	173
159	175	176
142	177	176
158	178	179
141	180	179
118	181
120	182
121	183
126	184
127	185
132	186
133	187
135	188
136	189
138	190
139	191
144	192
181	193
182	194
151	195
152	196
189	197
190	198
145	199
166	200
185	201
172	202
157	203
178	204
183	205
168	206
153	207
174	208
191	209
180	210
163	211
148	212
169	213
186	214
175	215
160	216
165	217
184	218
171	219
156	220
177	221
192	222
149	223
150	224
187	225
188	226
161	227
162	228
193
194
195
196
197
198
199
200
201
202
203
204
205
206
207
208
209
210
211
212
213
214
215
216
217
218
219
220
221
222
223
224
225
226
227
228
