1
2
3
4
5
6
7
8
9
10
11
12
13
14
15
16
17
18
19
20
21
22
23
24
25
26
27
28
29
30
31
32
33
34
35
36
37
38
39
40
41
42
43
44
45
46
47
48
49
50
51
52
53
54
55
56
57
58
59
60
61
62
63
64
65
66
67
68
69
70
71
72
73
74
75
76
77
78
79
80
81
82
83
84
85
86
87
88
89
90
91
92
93
94
95
96
97
98
99
100
101
102
103
104
105
106
107
108
109
110
111
112
113
114
115
116
117
118
119
120
121
122
123
124
125
126
127
128
129
130
131
132
133
134
135
136
137
138
139
140
141
142
143
144
1	145
2	146
3	147
4	148
5	149
6	150
7	151
8	152
9	153
10	154
11	155
12	156
13	157
14	158
15	159
16	160
17	161
18	162
19	163
20	164
21	165
22	166
23	167
24	168
25	169
26	170
27	171
28	172
29	173
30	174
31	175
32	176
33	177
34	178
35	179
36	180
37	181
38	182
39	183
40	184
41	185
42	186
43	187
44	188
45	189
46	190
47	191
48	192
49	193
50	194
51	195
52	196
53	197
54	198
55	199
56	200
57	201
58	202
59	203
60	204
61	205
62	206
63	207
64	208
65	209
66	210
67	211
68	212
69	213
70	214
71	215
72	216
73	217
74	218
75	219
76	220
77	221
78	222
79	223
80	224
81	225
82	226
83	227
84	228
85	229
86	230
87	231
88	232
89	233
90	234
91	235
92	236
93	237
94	238
95	239
96	240
97	241
98	242
99	243
100	244
101	245
102	246
103	247
104	248
105	249
106	250
107	251
108	252
109	253
110	254
111	255
112	256
113	257
114	258
115	259
116	260
117	261
118	262
119	263
120	264
121	265
122	266
123	267
124	268
125	269
126	270
127	271
128	272
129	273
130	274
131	275
132	276
133	277
134	278
135	279
136	280
137	281
138	282
139	283
140	284
141	285
142	286
143	287
144	288
157	289	290
158	291	290
181	292	293
182	294	293
205	295	296
206	297	296
229	298	299
230	300	299
253	301	302
254	303	302
277	304	305
278	306	305
147	307	308
148	309	308
171	310	311
172	312	311
195	313	314
196	315	314
219	316	317
220	318	317
243	319	320
244	321	320
267	322	323
268	324	323
161	325	326
162	327	326
185	328	329
186	330	329
209	331	332
210	333	332
233	334	335
234	336	335
257	337	338
258	339	338
281	340	341
282	342	341
151	343	344
152	345	344
175	346	347
176	348	347
199	349	350
200	351	350
223	352	353
224	354	353
247	355	356
248	357	356
271	358	359
272	360	359
165	361	362
166	363	362
189	364	365
190	366	365
213	367	368
214	369	368
237	370	371
238	372	371
261	373	374
262	375	374
285	376	377
286	378	377
155	379	380
156	381	380
179	382	383
180	384	383
203	385	386
204	387	386
227	388	389
228	390	389
251	391	392
252	393	392
275	394	395
276	396	395
145	397
146	398
149	399
150	400
153	401
154	402
159	403
160	404
163	405
164	406
167	407
168	408
169	409
170	410
173	411
174	412
177	413
178	414
183	415
184	416
187	417
188	418
191	419
192	420
193	421
194	422
197	423
198	424
201	425
202	426
207	427
208	428
211	429
212	430
215	431
216	432
217	433
218	434
221	435
222	436
225	437
226	438
231	439
232	440
235	441
236	442
239	443
240	444
241	445
242	446
245	447
246	448
249	449
250	450
255	451
256	452
259	453
260	454
263	455
264	456
265	457
266	458
269	459
270	460
273	461
274	462
279	463
280	464
283	465
284	466
287	467
288	468
397	469	470
398	471	470
409	472	473
410	474	473
421	475	476
422	477	476
433	478	479
434	480	479
445	481	482
446	483	482
457	484	485
458	486	485
403	487	488
404	489	488
415	490	491
416	492	491
427	493	494
428	495	494
439	496	497
440	498	497
451	499	500
452	501	500
463	502	503
464	504	503
399	505	506
400	507	506
411	508	509
412	510	509
423	511	512
424	513	512
435	514	515
436	516	515
447	517	518
448	519	518
459	520	521
460	522	521
405	523	524
406	525	524
417	526	527
418	528	527
429	529	530
430	531	530
441	532	533
442	534	533
453	535	536
454	537	536
465	538	539
466	540	539
401	541	542
402	543	542
413	544	545
414	546	545
425	547	548
426	549	548
437	550	551
438	552	551
449	553	554
450	555	554
461	556	557
462	558	557
407	559	560
408	561	560
419	562	563
420	564	563
431	565	566
432	567	566
443	568	569
444	570	569
455	571	572
456	573	572
467	574	575
468	576	575
289	577
291	578
292	579
294	580
295	581
297	582
298	583
300	584
301	585
303	586
304	587
306	588
307	589
309	590
310	591
312	592
313	593
315	594
316	595
318	596
319	597
321	598
322	599
324	600
325	601
327	602
328	603
330	604
331	605
333	606
334	607
336	608
337	609
339	610
340	611
342	612
343	613
345	614
346	615
348	616
349	617
351	618
352	619
354	620
355	621
357	622
358	623
360	624
361	625
363	626
364	627
366	628
367	629
369	630
370	631
372	632
373	633
375	634
376	635
378	636
379	637
381	638
382	639
384	640
385	641
387	642
388	643
390	644
391	645
393	646
394	647
396	648
579	649	650
475	651	650
583	652	653
481	654	653
578	655	656
474	657	656
582	658	659
480	660	659
586	661	662
486	663	662
490	664	665
593	666	665
496	667	668
597	669	668
489	670	671
592	672	671
495	673	674
596	675	674
501	676	677
600	678	677
603	679	680
511	681	680
607	682	683
517	684	683
602	685	686
510	687	686
606	688	689
516	690	689
610	691	692
522	693	692
526	694	695
617	696	695
532	697	698
621	699	698
525	700	701
616	702	701
531	703	704
620	705	704
537	706	707
624	708	707
627	709	710
547	711	710
631	712	713
553	714	713
626	715	716
546	717	716
630	718	719
552	720	719
634	721	722
558	723	722
562	724	725
641	726	725
568	727	728
645	729	728
561	730	731
640	732	731
567	733	734
644	735	734
573	736	737
648	738	737
469	739
471	740
472	741
477	742
478	743
483	744
484	745
487	746
492	747
493	748
498	749
499	750
502	751
504	752
505	753
507	754
508	755
513	756
514	757
519	758
520	759
523	760
528	761
529	762
534	763
535	764
538	765
540	766
541	767
543	768
544	769
549	770
550	771
555	772
556	773
559	774
564	775
565	776
570	777
571	778
574	779
576	780
739	781
740	782
589	783
590	784
753	785
754	786
613	787
614	788
767	789
768	790
637	791
638	792
577	793
655	794
746	795
670	796
601	797
685	798
760	799
700	800
625	801
715	802
774	803
730	804
741	805
657	806
591	807
672	808
755	809
687	810
615	811
702	812
769	813
717	814
639	815
732	816
649	817
580	818
664	819
747	820
679	821
604	822
694	823
761	824
709	825
628	826
724	827
775	828
651	829
742	830
666	831
594	832
681	833
756	834
696	835
618	836
711	837
770	838
726	839
642	840
581	841
658	842
748	843
673	844
605	845
688	846
762	847
703	848
629	849
718	850
776	851
733	852
743	853
660	854
595	855
675	856
757	857
690	858
619	859
705	860
771	861
720	862
643	863
735	864
652	865
584	866
667	867
749	868
682	869
608	870
697	871
763	872
712	873
632	874
727	875
777	876
654	877
744	878
669	879
598	880
684	881
758	882
699	883
622	884
714	885
772	886
729	887
646	888
585	889
661	890
750	891
676	892
609	893
691	894
764	895
706	896
633	897
721	898
778	899
736	900
745	901
663	902
599	903
678	904
759	905
693	906
623	907
708	908
773	909
723	910
647	911
738	912
587	913
588	914
751	915
752	916
611	917
612	918
765	919
766	920
635	921
636	922
779	923
780	924
781
782
783
784
785
786
787
788
789
790
791
792
793
794
795
796
797
798
799
800
801
802
803
804
805
806
807
808
809
810
811
812
813
814
815
816
817
818
819
820
821
822
823
824
825
826
827
828
829
830
831
832
833
834
835
836
837
838
839
840
841
842
843
844
845
846
847
848
849
850
851
852
853
854
855
856
857
858
859
860
861
862
863
864
865
866
867
868
869
870
871
872
873
874
875
876
877
878
879
880
881
882
883
884
885
886
887
888
889
890
891
892
893
894
895
896
897
898
899
900
901
902
903
904
905
906
907
908
909
910
911
912
913
914
915
916
917
918
919
920
921
922
923
924
